model_0
Loss
[0.2998, 0.2979, 0.3314, 0.2997, 0.1755]
Accuracy
[0.9218, 0.9287, 0.9178, 0.9176, 0.9598]
MDE
[0.1802, 0.1627, 0.1735, 0.1786, 0.0789]
 
model_1
Loss
[0.3094, 0.2772, 0.3086, 0.2675, 0.1720]
Accuracy
[0.9173, 0.9300, 0.9215, 0.9249, 0.9601]
MDE
[0.1876, 0.1582, 0.1708, 0.1507, 0.0772]
 
model_2
Loss
[0.3382, 0.2861, 0.3031, 0.2837, 0.1801]
Accuracy
[0.9062, 0.9274, 0.9240, 0.9184, 0.9554]
MDE
[0.2258, 0.1593, 0.1569, 0.1777, 0.0875]
 
model_3
Loss
[0.3260, 0.2974, 0.3278, 0.2929, 0.1954]
Accuracy
[0.9114, 0.9242, 0.9175, 0.9168, 0.9561]
MDE
[0.2011, 0.1707, 0.1729, 0.1772, 0.0862]
 
model_4
Loss
[0.3689, 0.2845, 0.3137, 0.2792, 0.2143]
Accuracy
[0.8914, 0.9305, 0.9246, 0.9253, 0.9546]
MDE
[0.2606, 0.1595, 0.1593, 0.1539, 0.0869]
 
model_5
Loss
[0.3384, 0.2864, 0.3188, 0.3167, 0.1744]
Accuracy
[0.9047, 0.9290, 0.9183, 0.9087, 0.9628]
MDE
[0.2183, 0.1646, 0.1733, 0.1888, 0.0769]
 
model_6
Loss
[0.3135, 0.3007, 0.3025, 0.2775, 0.1792]
Accuracy
[0.9134, 0.9240, 0.9205, 0.9224, 0.9584]
MDE
[0.2078, 0.1741, 0.1667, 0.1600, 0.0812]
 
model_7
Loss
[0.3360, 0.2874, 0.3182, 0.3222, 0.1897]
Accuracy
[0.9050, 0.9296, 0.9204, 0.9108, 0.9551]
MDE
[0.2199, 0.1619, 0.1693, 0.1991, 0.0861]
 
model_8
Loss
[0.3349, 0.2745, 0.3015, 0.2905, 0.1801]
Accuracy
[0.9067, 0.9308, 0.9246, 0.9215, 0.9597]
MDE
[0.2240, 0.1584, 0.1542, 0.1639, 0.0740]
 
model_9
Loss
[0.3101, 0.2803, 0.3118, 0.2786, 0.2056]
Accuracy
[0.9142, 0.9310, 0.9210, 0.9245, 0.9513]
MDE
[0.2060, 0.1582, 0.1635, 0.1602, 0.0911]
 
Average Loss
[0.3275, 0.2872, 0.3137, 0.2909, 0.1866]
Average Accuracy
[0.9092, 0.9285, 0.9210, 0.9191, 0.9573]
Average MDE
[0.2131, 0.1628, 0.1661, 0.1710, 0.0826]
