model_0
Loss
[0.0593, 0.0637, 0.0564, 0.0781, 0.0439]
Accuracy
[0.9858, 0.9848, 0.9875, 0.9785, 0.9903]
MDE
[0.0207, 0.0231, 0.0174, 0.0242, 0.0141]
 
model_1
Loss
[0.0619, 0.0693, 0.0563, 0.0787, 0.0465]
Accuracy
[0.9846, 0.9818, 0.9882, 0.9797, 0.9891]
MDE
[0.0231, 0.0281, 0.0165, 0.0238, 0.0155]
 
model_2
Loss
[0.0618, 0.0730, 0.0525, 0.0769, 0.0473]
Accuracy
[0.9845, 0.9818, 0.9890, 0.9800, 0.9894]
MDE
[0.0216, 0.0285, 0.0142, 0.0224, 0.0144]
 
model_3
Loss
[0.0571, 0.0602, 0.0517, 0.0759, 0.0445]
Accuracy
[0.9849, 0.9868, 0.9893, 0.9803, 0.9897]
MDE
[0.0215, 0.0204, 0.0150, 0.0258, 0.0154]
 
model_4
Loss
[0.0598, 0.0620, 0.0528, 0.0824, 0.0459]
Accuracy
[0.9840, 0.9834, 0.9878, 0.9793, 0.9899]
MDE
[0.0228, 0.0252, 0.0157, 0.0252, 0.0139]
 
model_5
Loss
[0.0600, 0.0637, 0.0549, 0.0742, 0.0462]
Accuracy
[0.9850, 0.9851, 0.9866, 0.9819, 0.9896]
MDE
[0.0220, 0.0238, 0.0168, 0.0215, 0.0150]
 
model_6
Loss
[0.0570, 0.0663, 0.0623, 0.0751, 0.0481]
Accuracy
[0.9852, 0.9835, 0.9860, 0.9804, 0.9893]
MDE
[0.0219, 0.0256, 0.0198, 0.0209, 0.0157]
 
model_7
Loss
[0.0593, 0.0634, 0.0621, 0.0775, 0.0486]
Accuracy
[0.9845, 0.9843, 0.9859, 0.9793, 0.9886]
MDE
[0.0217, 0.0263, 0.0193, 0.0234, 0.0168]
 
model_8
Loss
[0.0576, 0.0613, 0.0549, 0.0746, 0.0482]
Accuracy
[0.9856, 0.9846, 0.9870, 0.9800, 0.9883]
MDE
[0.0200, 0.0237, 0.0175, 0.0234, 0.0168]
 
model_9
Loss
[0.0559, 0.0659, 0.0493, 0.0739, 0.0481]
Accuracy
[0.9846, 0.9846, 0.9896, 0.9816, 0.9901]
MDE
[0.0222, 0.0251, 0.0135, 0.0220, 0.0144]
 
Average Loss
[0.0590, 0.0649, 0.0553, 0.0767, 0.0467]
Average Accuracy
[0.9849, 0.9841, 0.9877, 0.9801, 0.9894]
Average MDE
[0.0218, 0.0250, 0.0166, 0.0232, 0.0152]
