model_0
Loss
[0.2457, 0.2614, 0.2615, 0.2454, 0.1411]
Accuracy
[0.9364, 0.9366, 0.9341, 0.9324, 0.9656]
MDE
[0.1521, 0.1443, 0.1421, 0.1473, 0.0667]
 
model_1
Loss
[0.2676, 0.2543, 0.2452, 0.2416, 0.1315]
Accuracy
[0.9281, 0.9374, 0.9335, 0.9316, 0.9685]
MDE
[0.1661, 0.1409, 0.1347, 0.1473, 0.0591]
 
model_2
Loss
[0.2758, 0.2463, 0.2386, 0.2312, 0.1330]
Accuracy
[0.9213, 0.9385, 0.9350, 0.9330, 0.9677]
MDE
[0.1795, 0.1376, 0.1320, 0.1376, 0.0635]
 
model_3
Loss
[0.2577, 0.2754, 0.2510, 0.2440, 0.1465]
Accuracy
[0.9335, 0.9366, 0.9331, 0.9327, 0.9650]
MDE
[0.1580, 0.1427, 0.1362, 0.1445, 0.0657]
 
model_4
Loss
[0.2371, 0.2486, 0.2515, 0.2388, 0.1380]
Accuracy
[0.9369, 0.9374, 0.9334, 0.9338, 0.9670]
MDE
[0.1527, 0.1384, 0.1434, 0.1345, 0.0621]
 
model_5
Loss
[0.2759, 0.2490, 0.2468, 0.2365, 0.1336]
Accuracy
[0.9252, 0.9366, 0.9360, 0.9332, 0.9680]
MDE
[0.1683, 0.1449, 0.1319, 0.1401, 0.0616]
 
model_6
Loss
[0.2303, 0.2523, 0.2642, 0.2360, 0.1330]
Accuracy
[0.9396, 0.9381, 0.9268, 0.9339, 0.9667]
MDE
[0.1466, 0.1394, 0.1545, 0.1396, 0.0652]
 
model_7
Loss
[0.2554, 0.2737, 0.2562, 0.2512, 0.1435]
Accuracy
[0.9339, 0.9385, 0.9340, 0.9329, 0.9641]
MDE
[0.1620, 0.1424, 0.1362, 0.1474, 0.0664]
 
model_8
Loss
[0.2444, 0.2567, 0.2383, 0.2569, 0.1277]
Accuracy
[0.9366, 0.9366, 0.9385, 0.9298, 0.9706]
MDE
[0.1540, 0.1428, 0.1313, 0.1493, 0.0545]
 
model_9
Loss
[0.2351, 0.2594, 0.2514, 0.2376, 0.1368]
Accuracy
[0.9355, 0.9369, 0.9342, 0.9341, 0.9659]
MDE
[0.1580, 0.1429, 0.1319, 0.1423, 0.0606]
 
Average Loss
[0.2525, 0.2577, 0.2505, 0.2419, 0.1365]
Average Accuracy
[0.9327, 0.9373, 0.9339, 0.9327, 0.9669]
Average MDE
[0.1597, 0.1416, 0.1374, 0.1430, 0.0625]
