model_0
Loss
[0.0603, 0.0574, 0.0501, 0.0714, 0.0369]
Accuracy
[0.9863, 0.9863, 0.9887, 0.9792, 0.9911]
MDE
[0.0207, 0.0212, 0.0156, 0.0227, 0.0129]
 
model_1
Loss
[0.0573, 0.0603, 0.0582, 0.0683, 0.0397]
Accuracy
[0.9866, 0.9854, 0.9869, 0.9805, 0.9903]
MDE
[0.0201, 0.0232, 0.0186, 0.0210, 0.0130]
 
model_2
Loss
[0.0641, 0.0572, 0.0553, 0.0705, 0.0436]
Accuracy
[0.9850, 0.9859, 0.9869, 0.9805, 0.9902]
MDE
[0.0222, 0.0206, 0.0188, 0.0207, 0.0142]
 
model_3
Loss
[0.0559, 0.0557, 0.0485, 0.0599, 0.0380]
Accuracy
[0.9875, 0.9873, 0.9891, 0.9840, 0.9908]
MDE
[0.0195, 0.0208, 0.0134, 0.0185, 0.0145]
 
model_4
Loss
[0.0610, 0.0524, 0.0475, 0.0709, 0.0373]
Accuracy
[0.9854, 0.9881, 0.9888, 0.9804, 0.9906]
MDE
[0.0228, 0.0169, 0.0138, 0.0223, 0.0121]
 
model_5
Loss
[0.0515, 0.0616, 0.0564, 0.0693, 0.0396]
Accuracy
[0.9875, 0.9848, 0.9861, 0.9823, 0.9906]
MDE
[0.0170, 0.0223, 0.0187, 0.0197, 0.0137]
 
model_6
Loss
[0.0558, 0.0527, 0.0542, 0.0671, 0.0402]
Accuracy
[0.9865, 0.9883, 0.9871, 0.9815, 0.9903]
MDE
[0.0205, 0.0185, 0.0173, 0.0188, 0.0142]
 
model_7
Loss
[0.0625, 0.0554, 0.0568, 0.0711, 0.0404]
Accuracy
[0.9853, 0.9881, 0.9872, 0.9809, 0.9903]
MDE
[0.0219, 0.0182, 0.0184, 0.0223, 0.0138]
 
model_8
Loss
[0.0594, 0.0558, 0.0501, 0.0678, 0.0378]
Accuracy
[0.9859, 0.9865, 0.9883, 0.9806, 0.9905]
MDE
[0.0206, 0.0216, 0.0155, 0.0212, 0.0133]
 
model_9
Loss
[0.0503, 0.0523, 0.0464, 0.0670, 0.0413]
Accuracy
[0.9874, 0.9897, 0.9891, 0.9818, 0.9903]
MDE
[0.0183, 0.0167, 0.0129, 0.0207, 0.0145]
 
Average Loss
[0.0578, 0.0561, 0.0524, 0.0683, 0.0395]
Average Accuracy
[0.9864, 0.9870, 0.9878, 0.9812, 0.9905]
Average MDE
[0.0204, 0.0200, 0.0163, 0.0208, 0.0136]
