model_0
Loss
[0.2058, 0.1855, 0.2223, 0.2222, 0.1307]
Accuracy
[0.9486, 0.9511, 0.9413, 0.9402, 0.9697]
MDE
[0.1235, 0.1149, 0.1232, 0.1270, 0.0578]
 
model_1
Loss
[0.2045, 0.1754, 0.2076, 0.1989, 0.1199]
Accuracy
[0.9480, 0.9528, 0.9423, 0.9451, 0.9698]
MDE
[0.1267, 0.1034, 0.1161, 0.1118, 0.0596]
 
model_2
Loss
[0.2077, 0.1718, 0.2088, 0.1951, 0.1222]
Accuracy
[0.9476, 0.9548, 0.9395, 0.9445, 0.9700]
MDE
[0.1278, 0.1026, 0.1254, 0.1126, 0.0598]
 
model_3
Loss
[0.2258, 0.1896, 0.2088, 0.2177, 0.1350]
Accuracy
[0.9431, 0.9515, 0.9454, 0.9423, 0.9674]
MDE
[0.1347, 0.1092, 0.1144, 0.1213, 0.0606]
 
model_4
Loss
[0.2089, 0.1809, 0.2055, 0.2040, 0.1323]
Accuracy
[0.9462, 0.9510, 0.9429, 0.9444, 0.9686]
MDE
[0.1235, 0.1075, 0.1193, 0.1094, 0.0612]
 
model_5
Loss
[0.2088, 0.1796, 0.2162, 0.2018, 0.1192]
Accuracy
[0.9474, 0.9523, 0.9408, 0.9436, 0.9700]
MDE
[0.1233, 0.1091, 0.1199, 0.1180, 0.0584]
 
model_6
Loss
[0.2037, 0.1825, 0.2016, 0.2027, 0.1167]
Accuracy
[0.9465, 0.9494, 0.9420, 0.9455, 0.9699]
MDE
[0.1283, 0.1196, 0.1177, 0.1102, 0.0586]
 
model_7
Loss
[0.2209, 0.1887, 0.2175, 0.2204, 0.1315]
Accuracy
[0.9457, 0.9507, 0.9419, 0.9430, 0.9676]
MDE
[0.1360, 0.1133, 0.1149, 0.1180, 0.0609]
 
model_8
Loss
[0.2079, 0.1820, 0.2034, 0.2012, 0.1208]
Accuracy
[0.9475, 0.9500, 0.9446, 0.9454, 0.9710]
MDE
[0.1260, 0.1124, 0.1174, 0.1126, 0.0566]
 
model_9
Loss
[0.1956, 0.1880, 0.2195, 0.1986, 0.1171]
Accuracy
[0.9507, 0.9495, 0.9397, 0.9479, 0.9696]
MDE
[0.1176, 0.1184, 0.1209, 0.1076, 0.0561]
 
Average Loss
[0.2090, 0.1824, 0.2111, 0.2063, 0.1245]
Average Accuracy
[0.9471, 0.9513, 0.9420, 0.9442, 0.9694]
Average MDE
[0.1267, 0.1110, 0.1189, 0.1149, 0.0590]
