model_0
Loss
[0.1952, 0.2015, 0.2345, 0.1607, 0.1272]
Accuracy
[0.9530, 0.9484, 0.9337, 0.9586, 0.9746]
MDE
[0.0686, 0.0854, 0.0761, 0.0528, 0.0363]
 
model_1
Loss
[0.1952, 0.2566, 0.2003, 0.1828, 0.1078]
Accuracy
[0.9504, 0.9322, 0.9513, 0.9541, 0.9767]
MDE
[0.0791, 0.1018, 0.0599, 0.0577, 0.0311]
 
model_2
Loss
[0.1925, 0.2508, 0.2030, 0.1682, 0.1522]
Accuracy
[0.9552, 0.9359, 0.9539, 0.9587, 0.9735]
MDE
[0.0691, 0.1084, 0.0585, 0.0576, 0.0389]
 
model_3
Loss
[0.1917, 0.2588, 0.2206, 0.1977, 0.1042]
Accuracy
[0.9512, 0.9316, 0.9433, 0.9503, 0.9795]
MDE
[0.0715, 0.0953, 0.0633, 0.0681, 0.0303]
 
model_4
Loss
[0.1896, 0.2557, 0.1698, 0.1619, 0.1359]
Accuracy
[0.9495, 0.9353, 0.9556, 0.9583, 0.9729]
MDE
[0.0723, 0.0970, 0.0536, 0.0542, 0.0367]
 
model_5
Loss
[0.1963, 0.2117, 0.2143, 0.1512, 0.1222]
Accuracy
[0.9546, 0.9454, 0.9405, 0.9625, 0.9750]
MDE
[0.0651, 0.0845, 0.0640, 0.0547, 0.0366]
 
model_6
Loss
[0.2052, 0.2017, 0.1810, 0.2141, 0.1178]
Accuracy
[0.9452, 0.9495, 0.9538, 0.9463, 0.9755]
MDE
[0.0859, 0.0861, 0.0552, 0.0644, 0.0358]
 
model_7
Loss
[0.2243, 0.1972, 0.1656, 0.1859, 0.1174]
Accuracy
[0.9432, 0.9525, 0.9585, 0.9531, 0.9762]
MDE
[0.0814, 0.0796, 0.0559, 0.0614, 0.0329]
 
model_8
Loss
[0.1971, 0.2231, 0.1931, 0.1750, 0.1113]
Accuracy
[0.9491, 0.9472, 0.9509, 0.9544, 0.9755]
MDE
[0.0803, 0.0976, 0.0595, 0.0591, 0.0340]
 
model_9
Loss
[0.2162, 0.2766, 0.1970, 0.1660, 0.1454]
Accuracy
[0.9420, 0.9345, 0.9478, 0.9593, 0.9657]
MDE
[0.0809, 0.1011, 0.0549, 0.0546, 0.0477]
 
Average Loss
[0.2003, 0.2334, 0.1979, 0.1763, 0.1242]
Average Accuracy
[0.9493, 0.9412, 0.9489, 0.9556, 0.9745]
Average MDE
[0.0754, 0.0937, 0.0601, 0.0585, 0.0360]
