model_0
Loss
[1.1606, 2.4420, 1.6465, 1.2673, 2.5970]
Accuracy
[0.6737, 0.3842, 0.5914, 0.6017, 0.3878]
MDE
[0.4083, 1.0617, 0.5822, 0.5133, 0.9881]
 
model_1
Loss
[2.2946, 1.3345, 1.6109, 0.8264, 1.3382]
Accuracy
[0.5170, 0.5966, 0.5920, 0.7565, 0.6116]
MDE
[0.6827, 0.6521, 0.5768, 0.3349, 0.5776]
 
model_2
Loss
[1.7797, 1.5328, 0.9657, 1.0717, 1.9686]
Accuracy
[0.5509, 0.5311, 0.6924, 0.6591, 0.4771]
MDE
[0.6335, 0.7933, 0.3606, 0.4809, 0.6989]
 
model_3
Loss
[1.6085, 1.4948, 1.3266, 0.8392, 1.0716]
Accuracy
[0.6158, 0.5613, 0.6450, 0.7638, 0.6929]
MDE
[0.4919, 0.6489, 0.4589, 0.3136, 0.4517]
 
model_4
Loss
[1.1864, 1.1569, 1.2357, 0.9161, 2.0097]
Accuracy
[0.6993, 0.6617, 0.6893, 0.7040, 0.4258]
MDE
[0.3770, 0.4678, 0.3941, 0.3859, 0.7722]
 
model_5
Loss
[1.6901, 1.2691, 0.8773, 0.7610, 1.4821]
Accuracy
[0.5942, 0.6235, 0.7373, 0.7524, 0.5202]
MDE
[0.5304, 0.5412, 0.3690, 0.3450, 0.6913]
 
model_6
Loss
[1.5113, 1.5607, 1.4465, 1.1340, 1.4654]
Accuracy
[0.6163, 0.5393, 0.6173, 0.6204, 0.5814]
MDE
[0.5186, 0.7441, 0.5430, 0.4741, 0.6345]
 
model_7
Loss
[1.3242, 1.1025, 0.7140, 0.9063, 1.2149]
Accuracy
[0.6317, 0.6896, 0.7761, 0.6973, 0.6222]
MDE
[0.5308, 0.4184, 0.2688, 0.4126, 0.5501]
 
model_8
Loss
[1.4855, 1.5763, 1.5199, 0.8018, 1.0714]
Accuracy
[0.6406, 0.5403, 0.6334, 0.7300, 0.7158]
MDE
[0.5059, 0.6794, 0.5007, 0.3392, 0.4129]
 
model_9
Loss
[1.4726, 2.5355, 2.0367, 1.1657, 3.3666]
Accuracy
[0.6760, 0.4194, 0.5561, 0.6352, 0.3456]
MDE
[0.4274, 0.9497, 0.6532, 0.4773, 1.0292]
 
Average Loss
[1.5513, 1.6005, 1.3380, 0.9690, 1.7586]
Average Accuracy
[0.6216, 0.5547, 0.6530, 0.6920, 0.5380]
Average MDE
[0.5107, 0.6957, 0.4707, 0.4077, 0.6807]
