model_0
Loss
[0.1041, 0.1238, 0.0937, 0.1121, 0.0860]
Accuracy
[0.9772, 0.9692, 0.9788, 0.9697, 0.9817]
MDE
[0.0348, 0.0446, 0.0294, 0.0383, 0.0360]
 
model_1
Loss
[0.1085, 0.1013, 0.0964, 0.1125, 0.0808]
Accuracy
[0.9759, 0.9730, 0.9781, 0.9687, 0.9827]
MDE
[0.0356, 0.0416, 0.0314, 0.0396, 0.0338]
 
model_2
Loss
[0.1106, 0.1194, 0.0976, 0.1190, 0.0892]
Accuracy
[0.9763, 0.9703, 0.9803, 0.9701, 0.9825]
MDE
[0.0338, 0.0456, 0.0307, 0.0436, 0.0328]
 
model_3
Loss
[0.0972, 0.1072, 0.0904, 0.1124, 0.0732]
Accuracy
[0.9769, 0.9728, 0.9792, 0.9730, 0.9838]
MDE
[0.0352, 0.0432, 0.0295, 0.0382, 0.0313]
 
model_4
Loss
[0.0940, 0.1082, 0.0908, 0.1126, 0.0962]
Accuracy
[0.9783, 0.9724, 0.9789, 0.9721, 0.9817]
MDE
[0.0329, 0.0401, 0.0309, 0.0376, 0.0356]
 
model_5
Loss
[0.1025, 0.1161, 0.0893, 0.1046, 0.0831]
Accuracy
[0.9755, 0.9704, 0.9805, 0.9725, 0.9829]
MDE
[0.0324, 0.0473, 0.0288, 0.0375, 0.0340]
 
model_6
Loss
[0.0893, 0.1298, 0.0947, 0.1020, 0.0867]
Accuracy
[0.9785, 0.9663, 0.9799, 0.9728, 0.9818]
MDE
[0.0321, 0.0532, 0.0299, 0.0350, 0.0326]
 
model_7
Loss
[0.1025, 0.1182, 0.0943, 0.1025, 0.0905]
Accuracy
[0.9769, 0.9708, 0.9782, 0.9728, 0.9826]
MDE
[0.0325, 0.0484, 0.0359, 0.0352, 0.0336]
 
model_8
Loss
[0.0970, 0.1106, 0.0982, 0.1378, 0.0838]
Accuracy
[0.9767, 0.9710, 0.9776, 0.9659, 0.9830]
MDE
[0.0337, 0.0448, 0.0320, 0.0436, 0.0341]
 
model_9
Loss
[0.1097, 0.0999, 0.0942, 0.1093, 0.0839]
Accuracy
[0.9753, 0.9733, 0.9768, 0.9710, 0.9805]
MDE
[0.0368, 0.0405, 0.0302, 0.0368, 0.0360]
 
Average Loss
[0.1015, 0.1135, 0.0940, 0.1125, 0.0853]
Average Accuracy
[0.9767, 0.9710, 0.9788, 0.9709, 0.9823]
Average MDE
[0.0340, 0.0449, 0.0309, 0.0385, 0.0340]
