model_0
Loss
[0.0910, 0.0804, 0.0696, 0.0876, 0.0481]
Accuracy
[0.9817, 0.9805, 0.9853, 0.9766, 0.9890]
MDE
[0.0308, 0.0283, 0.0199, 0.0264, 0.0150]
 
model_1
Loss
[0.0863, 0.0718, 0.0728, 0.0933, 0.0538]
Accuracy
[0.9815, 0.9832, 0.9838, 0.9761, 0.9880]
MDE
[0.0300, 0.0268, 0.0224, 0.0286, 0.0158]
 
model_2
Loss
[0.0965, 0.0790, 0.0806, 0.0908, 0.0513]
Accuracy
[0.9797, 0.9802, 0.9821, 0.9772, 0.9889]
MDE
[0.0317, 0.0313, 0.0259, 0.0285, 0.0160]
 
model_3
Loss
[0.0831, 0.0738, 0.0650, 0.0855, 0.0511]
Accuracy
[0.9811, 0.9825, 0.9861, 0.9783, 0.9883]
MDE
[0.0298, 0.0293, 0.0182, 0.0274, 0.0163]
 
model_4
Loss
[0.0862, 0.0777, 0.0704, 0.0848, 0.0480]
Accuracy
[0.9808, 0.9800, 0.9832, 0.9774, 0.9893]
MDE
[0.0312, 0.0295, 0.0209, 0.0276, 0.0141]
 
model_5
Loss
[0.0909, 0.0802, 0.0699, 0.0835, 0.0548]
Accuracy
[0.9801, 0.9811, 0.9853, 0.9802, 0.9876]
MDE
[0.0301, 0.0300, 0.0211, 0.0235, 0.0176]
 
model_6
Loss
[0.0785, 0.0720, 0.0756, 0.0791, 0.0521]
Accuracy
[0.9823, 0.9806, 0.9832, 0.9789, 0.9887]
MDE
[0.0286, 0.0291, 0.0233, 0.0246, 0.0157]
 
model_7
Loss
[0.0942, 0.0755, 0.0771, 0.0886, 0.0553]
Accuracy
[0.9800, 0.9817, 0.9832, 0.9764, 0.9870]
MDE
[0.0310, 0.0276, 0.0258, 0.0297, 0.0186]
 
model_8
Loss
[0.0861, 0.0764, 0.0751, 0.0868, 0.0515]
Accuracy
[0.9811, 0.9813, 0.9840, 0.9763, 0.9884]
MDE
[0.0294, 0.0291, 0.0231, 0.0269, 0.0160]
 
model_9
Loss
[0.0825, 0.0719, 0.0687, 0.0872, 0.0521]
Accuracy
[0.9822, 0.9839, 0.9851, 0.9771, 0.9882]
MDE
[0.0283, 0.0262, 0.0197, 0.0277, 0.0166]
 
Average Loss
[0.0875, 0.0759, 0.0725, 0.0867, 0.0518]
Average Accuracy
[0.9810, 0.9815, 0.9841, 0.9775, 0.9883]
Average MDE
[0.0301, 0.0287, 0.0220, 0.0271, 0.0162]
