model_0
Loss
[0.1320, 0.1549, 0.1206, 0.1429, 0.0675]
Accuracy
[0.9715, 0.9616, 0.9730, 0.9669, 0.9864]
MDE
[0.0442, 0.0591, 0.0377, 0.0409, 0.0211]
 
model_1
Loss
[0.1356, 0.1479, 0.1087, 0.1293, 0.0739]
Accuracy
[0.9664, 0.9613, 0.9749, 0.9678, 0.9853]
MDE
[0.0486, 0.0550, 0.0350, 0.0418, 0.0218]
 
model_2
Loss
[0.1359, 0.1496, 0.1199, 0.1387, 0.0665]
Accuracy
[0.9713, 0.9601, 0.9722, 0.9678, 0.9859]
MDE
[0.0460, 0.0547, 0.0397, 0.0467, 0.0203]
 
model_3
Loss
[0.1307, 0.1225, 0.1009, 0.1342, 0.0716]
Accuracy
[0.9701, 0.9676, 0.9765, 0.9645, 0.9849]
MDE
[0.0469, 0.0474, 0.0344, 0.0509, 0.0253]
 
model_4
Loss
[0.1194, 0.1478, 0.1214, 0.1142, 0.0734]
Accuracy
[0.9744, 0.9610, 0.9699, 0.9728, 0.9849]
MDE
[0.0397, 0.0555, 0.0413, 0.0353, 0.0223]
 
model_5
Loss
[0.1192, 0.1248, 0.1111, 0.1215, 0.0627]
Accuracy
[0.9752, 0.9685, 0.9739, 0.9722, 0.9857]
MDE
[0.0367, 0.0484, 0.0371, 0.0386, 0.0217]
 
model_6
Loss
[0.1191, 0.1202, 0.1238, 0.1234, 0.0742]
Accuracy
[0.9727, 0.9665, 0.9696, 0.9713, 0.9853]
MDE
[0.0429, 0.0512, 0.0432, 0.0363, 0.0222]
 
model_7
Loss
[0.1562, 0.1535, 0.1444, 0.1226, 0.0757]
Accuracy
[0.9635, 0.9626, 0.9682, 0.9705, 0.9845]
MDE
[0.0525, 0.0593, 0.0481, 0.0382, 0.0220]
 
model_8
Loss
[0.1311, 0.1275, 0.1383, 0.1204, 0.0738]
Accuracy
[0.9690, 0.9664, 0.9651, 0.9695, 0.9863]
MDE
[0.0426, 0.0512, 0.0524, 0.0378, 0.0198]
 
model_9
Loss
[0.1252, 0.1314, 0.1419, 0.1241, 0.0802]
Accuracy
[0.9719, 0.9662, 0.9637, 0.9698, 0.9837]
MDE
[0.0424, 0.0483, 0.0425, 0.0388, 0.0244]
 
Average Loss
[0.1304, 0.1380, 0.1231, 0.1271, 0.0719]
Average Accuracy
[0.9706, 0.9642, 0.9707, 0.9693, 0.9853]
Average MDE
[0.0443, 0.0530, 0.0411, 0.0405, 0.0221]
