model_0
Loss
[0.0660, 0.0615, 0.0597, 0.0853, 0.0415]
Accuracy
[0.9851, 0.9867, 0.9873, 0.9786, 0.9888]
MDE
[0.0287, 0.0289, 0.0215, 0.0320, 0.0175]
 
model_1
Loss
[0.0643, 0.0552, 0.0478, 0.0787, 0.0478]
Accuracy
[0.9847, 0.9884, 0.9902, 0.9829, 0.9892]
MDE
[0.0306, 0.0262, 0.0198, 0.0272, 0.0165]
 
model_2
Loss
[0.0664, 0.0712, 0.0675, 0.0810, 0.0530]
Accuracy
[0.9857, 0.9855, 0.9851, 0.9796, 0.9873]
MDE
[0.0291, 0.0302, 0.0268, 0.0317, 0.0195]
 
model_3
Loss
[0.0660, 0.0535, 0.0597, 0.0659, 0.0377]
Accuracy
[0.9851, 0.9882, 0.9890, 0.9843, 0.9898]
MDE
[0.0285, 0.0253, 0.0224, 0.0264, 0.0158]
 
model_4
Loss
[0.0680, 0.0609, 0.0579, 0.0773, 0.0452]
Accuracy
[0.9837, 0.9863, 0.9890, 0.9798, 0.9884]
MDE
[0.0303, 0.0277, 0.0190, 0.0317, 0.0177]
 
model_5
Loss
[0.0816, 0.0589, 0.0751, 0.0868, 0.0505]
Accuracy
[0.9820, 0.9865, 0.9824, 0.9767, 0.9884]
MDE
[0.0316, 0.0290, 0.0268, 0.0311, 0.0191]
 
model_6
Loss
[0.0718, 0.0577, 0.0536, 0.0727, 0.0473]
Accuracy
[0.9829, 0.9880, 0.9894, 0.9812, 0.9876]
MDE
[0.0310, 0.0304, 0.0194, 0.0279, 0.0163]
 
model_7
Loss
[0.0692, 0.0609, 0.0698, 0.0751, 0.0495]
Accuracy
[0.9843, 0.9855, 0.9853, 0.9798, 0.9886]
MDE
[0.0296, 0.0268, 0.0229, 0.0310, 0.0170]
 
model_8
Loss
[0.0675, 0.0556, 0.0511, 0.0705, 0.0422]
Accuracy
[0.9841, 0.9865, 0.9894, 0.9810, 0.9882]
MDE
[0.0315, 0.0307, 0.0208, 0.0276, 0.0179]
 
model_9
Loss
[0.0709, 0.0640, 0.0595, 0.0767, 0.0467]
Accuracy
[0.9851, 0.9861, 0.9884, 0.9816, 0.9876]
MDE
[0.0288, 0.0297, 0.0216, 0.0281, 0.0179]
 
model_10
Loss
[0.0695, 0.0569, 0.0606, 0.0709, 0.0450]
Accuracy
[0.9867, 0.9884, 0.9865, 0.9831, 0.9886]
MDE
[0.0294, 0.0288, 0.0217, 0.0278, 0.0179]
 
model_11
Loss
[0.0714, 0.0533, 0.0611, 0.0800, 0.0448]
Accuracy
[0.9851, 0.9871, 0.9867, 0.9810, 0.9888]
MDE
[0.0287, 0.0297, 0.0222, 0.0328, 0.0168]
 
model_12
Loss
[0.0682, 0.0539, 0.0586, 0.0743, 0.0462]
Accuracy
[0.9849, 0.9880, 0.9898, 0.9816, 0.9867]
MDE
[0.0286, 0.0279, 0.0207, 0.0275, 0.0199]
 
model_13
Loss
[0.0663, 0.0647, 0.0621, 0.0742, 0.0396]
Accuracy
[0.9851, 0.9853, 0.9855, 0.9804, 0.9896]
MDE
[0.0294, 0.0307, 0.0231, 0.0281, 0.0162]
 
model_14
Loss
[0.0812, 0.0567, 0.0647, 0.0816, 0.0524]
Accuracy
[0.9820, 0.9882, 0.9880, 0.9808, 0.9871]
MDE
[0.0323, 0.0286, 0.0217, 0.0306, 0.0188]
 
model_15
Loss
[0.0683, 0.0563, 0.0556, 0.0803, 0.0483]
Accuracy
[0.9843, 0.9882, 0.9902, 0.9806, 0.9878]
MDE
[0.0291, 0.0277, 0.0208, 0.0323, 0.0199]
 
model_16
Loss
[0.0706, 0.0547, 0.0614, 0.0648, 0.0441]
Accuracy
[0.9835, 0.9873, 0.9871, 0.9849, 0.9880]
MDE
[0.0303, 0.0278, 0.0237, 0.0266, 0.0187]
 
model_17
Loss
[0.0709, 0.0556, 0.0617, 0.0779, 0.0534]
Accuracy
[0.9831, 0.9867, 0.9869, 0.9806, 0.9869]
MDE
[0.0318, 0.0260, 0.0249, 0.0274, 0.0175]
 
model_18
Loss
[0.0746, 0.0672, 0.0555, 0.0771, 0.0484]
Accuracy
[0.9831, 0.9847, 0.9898, 0.9812, 0.9878]
MDE
[0.0328, 0.0359, 0.0213, 0.0282, 0.0174]
 
model_19
Loss
[0.0764, 0.0621, 0.0649, 0.0854, 0.0480]
Accuracy
[0.9835, 0.9859, 0.9869, 0.9788, 0.9886]
MDE
[0.0302, 0.0313, 0.0227, 0.0328, 0.0170]
 
Average Loss
[0.0705, 0.0590, 0.0604, 0.0768, 0.0466]
Average Accuracy
[0.9842, 0.9869, 0.9877, 0.9809, 0.9882]
Average MDE
[0.0301, 0.0290, 0.0222, 0.0294, 0.0178]
