model_0
Loss
[0.9897, 0.8498, 0.8080, 0.9676, 0.6933]
Accuracy
[0.7486, 0.7492, 0.7569, 0.6824, 0.7996]
MDE
[0.3223, 0.3881, 0.3609, 0.4377, 0.2494]
 
model_1
Loss
[0.9669, 1.3914, 0.6333, 0.6384, 0.9146]
Accuracy
[0.7347, 0.5745, 0.8067, 0.7773, 0.7653]
MDE
[0.3501, 0.7318, 0.2531, 0.2785, 0.3198]
 
model_2
Loss
[1.0669, 1.2055, 0.6451, 1.2577, 1.3206]
Accuracy
[0.7080, 0.6349, 0.8096, 0.6343, 0.6151]
MDE
[0.3749, 0.6295, 0.2685, 0.5137, 0.5325]
 
model_3
Loss
[2.8712, 2.1003, 1.8106, 2.0153, 1.9650]
Accuracy
[0.4655, 0.4451, 0.6161, 0.4908, 0.5137]
MDE
[0.6645, 0.8952, 0.6322, 0.6822, 0.6798]
 
model_4
Loss
[1.2918, 0.8970, 0.9389, 0.4034, 1.3708]
Accuracy
[0.6782, 0.7108, 0.7478, 0.8806, 0.6163]
MDE
[0.4307, 0.4359, 0.3611, 0.1377, 0.4963]
 
model_5
Loss
[1.4521, 0.8901, 0.9136, 0.8020, 0.8089]
Accuracy
[0.6294, 0.6900, 0.7390, 0.7339, 0.8018]
MDE
[0.4990, 0.4438, 0.3663, 0.3740, 0.2731]
 
model_6
Loss
[1.0018, 0.5215, 0.8868, 0.5211, 0.5828]
Accuracy
[0.7192, 0.8333, 0.7624, 0.8376, 0.8184]
MDE
[0.3700, 0.2258, 0.3546, 0.1914, 0.2435]
 
model_7
Loss
[1.4483, 3.2192, 1.6726, 0.7894, 0.7668]
Accuracy
[0.6561, 0.3373, 0.6400, 0.7571, 0.7859]
MDE
[0.4345, 1.0407, 0.5541, 0.3365, 0.2988]
 
model_8
Loss
[2.0763, 1.2101, 0.5810, 0.5857, 1.1856]
Accuracy
[0.5469, 0.6059, 0.8302, 0.8231, 0.6837]
MDE
[0.6366, 0.5945, 0.2234, 0.2285, 0.4204]
 
model_9
Loss
[1.6172, 1.6629, 1.7027, 0.4924, 0.9481]
Accuracy
[0.5988, 0.4824, 0.5684, 0.8437, 0.7273]
MDE
[0.5577, 0.8117, 0.6617, 0.1947, 0.3803]
 
model_10
Loss
[1.1812, 0.7093, 1.5793, 0.6170, 1.5951]
Accuracy
[0.6757, 0.7812, 0.5969, 0.7902, 0.5592]
MDE
[0.4468, 0.3580, 0.5810, 0.2983, 0.6687]
 
model_11
Loss
[1.2223, 2.9668, 2.0722, 0.9812, 0.9151]
Accuracy
[0.6869, 0.3490, 0.5004, 0.6945, 0.7520]
MDE
[0.4342, 1.1160, 0.8165, 0.4274, 0.3838]
 
model_12
Loss
[1.0769, 1.1487, 1.1902, 1.9771, 1.6720]
Accuracy
[0.7182, 0.6453, 0.7008, 0.4837, 0.5004]
MDE
[0.3562, 0.5449, 0.4555, 0.6544, 0.7114]
 
model_13
Loss
[1.1133, 1.4716, 2.1543, 0.7877, 0.7756]
Accuracy
[0.6896, 0.5645, 0.4933, 0.7416, 0.7710]
MDE
[0.4133, 0.7380, 0.7595, 0.3695, 0.3381]
 
model_14
Loss
[1.0705, 2.5867, 0.7634, 0.9630, 0.9808]
Accuracy
[0.7218, 0.3894, 0.7645, 0.6973, 0.7476]
MDE
[0.3819, 1.0151, 0.3566, 0.4109, 0.3934]
 
model_15
Loss
[1.2861, 1.3439, 0.7272, 0.6906, 2.8791]
Accuracy
[0.6402, 0.5759, 0.7988, 0.7684, 0.3324]
MDE
[0.4939, 0.6980, 0.2522, 0.3038, 1.0128]
 
model_16
Loss
[1.8576, 0.6367, 0.6580, 0.7885, 1.6881]
Accuracy
[0.5798, 0.7935, 0.8027, 0.7278, 0.5427]
MDE
[0.5968, 0.2951, 0.2319, 0.3651, 0.6067]
 
model_17
Loss
[1.1402, 1.0370, 1.4912, 1.1668, 1.2460]
Accuracy
[0.7092, 0.6804, 0.6408, 0.6278, 0.6396]
MDE
[0.3962, 0.4698, 0.5522, 0.5399, 0.5333]
 
model_18
Loss
[1.0005, 1.0231, 2.6171, 0.6467, 1.2451]
Accuracy
[0.7257, 0.6663, 0.4408, 0.8008, 0.6218]
MDE
[0.3709, 0.4598, 0.7315, 0.2379, 0.5288]
 
model_19
Loss
[1.3112, 1.0637, 1.6741, 1.0473, 0.9177]
Accuracy
[0.6506, 0.6594, 0.5573, 0.6320, 0.7073]
MDE
[0.4672, 0.5807, 0.6586, 0.5102, 0.4177]
 
Average Loss
[1.3521, 1.3968, 1.2760, 0.9069, 1.2236]
Average Accuracy
[0.6642, 0.6084, 0.6787, 0.7212, 0.6651]
Average MDE
[0.4499, 0.6236, 0.4716, 0.3746, 0.4744]
