model_0
Loss
[0.1385, 0.0952, 0.0978, 0.1612, 0.0830]
Accuracy
[0.9680, 0.9776, 0.9765, 0.9608, 0.9829]
MDE
[0.0566, 0.0452, 0.0319, 0.0543, 0.0279]
 
model_1
Loss
[0.1158, 0.1271, 0.1028, 0.1553, 0.0833]
Accuracy
[0.9716, 0.9690, 0.9763, 0.9573, 0.9820]
MDE
[0.0473, 0.0543, 0.0371, 0.0530, 0.0264]
 
model_2
Loss
[0.1149, 0.1211, 0.1194, 0.1668, 0.0980]
Accuracy
[0.9708, 0.9714, 0.9731, 0.9586, 0.9778]
MDE
[0.0490, 0.0548, 0.0380, 0.0549, 0.0320]
 
model_3
Loss
[0.1045, 0.1124, 0.0949, 0.1734, 0.0792]
Accuracy
[0.9757, 0.9759, 0.9790, 0.9547, 0.9833]
MDE
[0.0404, 0.0504, 0.0318, 0.0605, 0.0236]
 
model_4
Loss
[0.1116, 0.0973, 0.0905, 0.1613, 0.0861]
Accuracy
[0.9710, 0.9751, 0.9786, 0.9580, 0.9812]
MDE
[0.0436, 0.0438, 0.0290, 0.0574, 0.0279]
 
model_5
Loss
[0.1061, 0.1148, 0.1086, 0.1671, 0.1074]
Accuracy
[0.9745, 0.9729, 0.9757, 0.9571, 0.9796]
MDE
[0.0419, 0.0503, 0.0341, 0.0564, 0.0328]
 
model_6
Loss
[0.1024, 0.1116, 0.1298, 0.1597, 0.0936]
Accuracy
[0.9759, 0.9729, 0.9729, 0.9559, 0.9792]
MDE
[0.0423, 0.0501, 0.0403, 0.0548, 0.0311]
 
model_7
Loss
[0.1160, 0.1109, 0.1054, 0.1506, 0.0938]
Accuracy
[0.9716, 0.9712, 0.9753, 0.9584, 0.9796]
MDE
[0.0454, 0.0545, 0.0361, 0.0556, 0.0295]
 
model_8
Loss
[0.1110, 0.0970, 0.0894, 0.1601, 0.0773]
Accuracy
[0.9714, 0.9751, 0.9798, 0.9584, 0.9816]
MDE
[0.0476, 0.0503, 0.0319, 0.0608, 0.0268]
 
model_9
Loss
[0.1130, 0.1111, 0.1022, 0.1615, 0.0847]
Accuracy
[0.9749, 0.9712, 0.9757, 0.9594, 0.9816]
MDE
[0.0442, 0.0505, 0.0342, 0.0555, 0.0282]
 
model_10
Loss
[0.1061, 0.1220, 0.0981, 0.1342, 0.0881]
Accuracy
[0.9757, 0.9718, 0.9778, 0.9633, 0.9798]
MDE
[0.0401, 0.0545, 0.0292, 0.0513, 0.0324]
 
model_11
Loss
[0.1128, 0.1382, 0.1160, 0.1917, 0.0958]
Accuracy
[0.9751, 0.9659, 0.9743, 0.9494, 0.9800]
MDE
[0.0475, 0.0607, 0.0393, 0.0663, 0.0292]
 
model_12
Loss
[0.1212, 0.0887, 0.0997, 0.1703, 0.0901]
Accuracy
[0.9678, 0.9763, 0.9771, 0.9543, 0.9800]
MDE
[0.0487, 0.0410, 0.0373, 0.0578, 0.0289]
 
model_13
Loss
[0.1008, 0.1367, 0.0824, 0.1547, 0.0827]
Accuracy
[0.9755, 0.9684, 0.9818, 0.9620, 0.9820]
MDE
[0.0388, 0.0566, 0.0289, 0.0520, 0.0280]
 
model_14
Loss
[0.1088, 0.1261, 0.1064, 0.1482, 0.0969]
Accuracy
[0.9737, 0.9696, 0.9761, 0.9584, 0.9782]
MDE
[0.0438, 0.0546, 0.0379, 0.0583, 0.0328]
 
model_15
Loss
[0.1112, 0.1316, 0.1344, 0.1709, 0.0925]
Accuracy
[0.9739, 0.9688, 0.9663, 0.9576, 0.9782]
MDE
[0.0448, 0.0592, 0.0434, 0.0636, 0.0341]
 
model_16
Loss
[0.1026, 0.1197, 0.0893, 0.1512, 0.0850]
Accuracy
[0.9753, 0.9718, 0.9794, 0.9569, 0.9814]
MDE
[0.0414, 0.0549, 0.0318, 0.0552, 0.0295]
 
model_17
Loss
[0.1104, 0.1001, 0.0898, 0.1658, 0.1005]
Accuracy
[0.9739, 0.9771, 0.9798, 0.9596, 0.9784]
MDE
[0.0462, 0.0455, 0.0310, 0.0560, 0.0298]
 
model_18
Loss
[0.1165, 0.1086, 0.1249, 0.1713, 0.0948]
Accuracy
[0.9727, 0.9720, 0.9714, 0.9531, 0.9794]
MDE
[0.0442, 0.0495, 0.0414, 0.0618, 0.0302]
 
model_19
Loss
[0.1367, 0.1009, 0.1081, 0.1637, 0.0960]
Accuracy
[0.9688, 0.9767, 0.9741, 0.9600, 0.9796]
MDE
[0.0536, 0.0465, 0.0382, 0.0551, 0.0292]
 
Average Loss
[0.1130, 0.1136, 0.1045, 0.1620, 0.0904]
Average Accuracy
[0.9729, 0.9725, 0.9761, 0.9577, 0.9803]
Average MDE
[0.0454, 0.0514, 0.0351, 0.0570, 0.0295]
