model_0
Loss
[2.2469, 2.3095, 1.7064, 1.9992, 1.6469]
Accuracy
[0.4700, 0.4029, 0.5002, 0.4467, 0.5449]
MDE
[1.3351, 1.5136, 1.1474, 1.2786, 0.9385]
 
model_1
Loss
[1.8600, 2.8340, 1.3576, 1.8163, 1.1328]
Accuracy
[0.5704, 0.3461, 0.6500, 0.4557, 0.6941]
MDE
[1.0806, 1.6516, 0.8014, 1.2854, 0.6569]
 
model_2
Loss
[2.4549, 1.6966, 1.9098, 1.4503, 2.1689]
Accuracy
[0.4282, 0.5269, 0.4729, 0.5724, 0.3963]
MDE
[1.4635, 1.2057, 1.2434, 0.9981, 1.2585]
 
model_3
Loss
[2.1273, 1.3083, 1.1866, 1.3666, 0.9834]
Accuracy
[0.4749, 0.5996, 0.6773, 0.6049, 0.7176]
MDE
[1.2964, 0.9404, 0.7756, 0.9642, 0.6180]
 
model_4
Loss
[1.9447, 3.3203, 1.8080, 1.4775, 1.4879]
Accuracy
[0.5151, 0.2935, 0.5318, 0.5939, 0.5331]
MDE
[1.2548, 1.8272, 1.0673, 0.9613, 0.9963]
 
model_5
Loss
[1.7530, 2.8735, 1.2947, 1.6358, 1.3240]
Accuracy
[0.5773, 0.3304, 0.6733, 0.5588, 0.6147]
MDE
[1.1319, 1.6573, 0.7899, 1.0331, 0.8102]
 
model_6
Loss
[3.1766, 2.0590, 1.6724, 3.0429, 2.0477]
Accuracy
[0.3706, 0.4127, 0.5376, 0.2900, 0.4200]
MDE
[1.5787, 1.4974, 1.0694, 1.6392, 1.1862]
 
model_7
Loss
[2.2473, 4.9097, 2.6313, 2.4002, 3.2453]
Accuracy
[0.4529, 0.2167, 0.3878, 0.3833, 0.2812]
MDE
[1.3444, 2.1551, 1.4475, 1.4089, 1.5103]
 
model_8
Loss
[3.2595, 2.8958, 1.3365, 1.4462, 1.9186]
Accuracy
[0.3624, 0.3006, 0.6422, 0.6037, 0.4708]
MDE
[1.5550, 1.7724, 0.7844, 0.9089, 1.0832]
 
model_9
Loss
[1.8896, 1.4248, 1.3569, 1.3862, 1.9119]
Accuracy
[0.5418, 0.5933, 0.6459, 0.5963, 0.4335]
MDE
[1.1396, 1.0209, 0.8047, 0.9368, 1.2153]
 
model_10
Loss
[3.4374, 2.1088, 1.6855, 1.7971, 1.4320]
Accuracy
[0.3569, 0.4110, 0.5320, 0.4873, 0.5904]
MDE
[1.5670, 1.4294, 1.0934, 1.1527, 0.8265]
 
model_11
Loss
[2.0082, 1.5483, 2.0515, 1.7392, 1.2885]
Accuracy
[0.5037, 0.5582, 0.4416, 0.5112, 0.6090]
MDE
[1.1940, 1.1050, 1.3281, 1.2069, 0.8372]
 
model_12
Loss
[3.1461, 4.2755, 3.1467, 3.4752, 1.4948]
Accuracy
[0.3612, 0.2231, 0.2851, 0.2247, 0.5443]
MDE
[1.5629, 2.0149, 1.7151, 1.8825, 0.9836]
 
model_13
Loss
[2.2836, 1.2133, 1.2614, 1.2133, 1.8104]
Accuracy
[0.4518, 0.6429, 0.6463, 0.6645, 0.4647]
MDE
[1.3737, 0.9112, 0.7855, 0.7220, 1.0440]
 
model_14
Loss
[1.6968, 1.7961, 1.5730, 1.6871, 2.4180]
Accuracy
[0.5869, 0.4996, 0.5904, 0.5043, 0.3578]
MDE
[1.1076, 1.2716, 0.9700, 1.1674, 1.3868]
 
model_15
Loss
[4.4826, 3.1192, 1.5560, 2.5423, 0.9042]
Accuracy
[0.2555, 0.2733, 0.5918, 0.3002, 0.7333]
MDE
[1.8114, 1.7752, 0.9389, 1.6420, 0.5855]
 
model_16
Loss
[2.3498, 2.3462, 1.6009, 1.7536, 1.0344]
Accuracy
[0.4469, 0.3631, 0.5867, 0.4888, 0.6908]
MDE
[1.3939, 1.6490, 0.9034, 1.1479, 0.6533]
 
model_17
Loss
[1.9269, 1.5109, 2.1051, 1.7979, 1.2858]
Accuracy
[0.5363, 0.5676, 0.4388, 0.5135, 0.6329]
MDE
[1.1841, 1.0525, 1.2623, 1.0967, 0.7565]
 
model_18
Loss
[2.1479, 1.8816, 1.2878, 1.4885, 2.3403]
Accuracy
[0.4867, 0.4533, 0.6496, 0.5824, 0.3541]
MDE
[1.2457, 1.2998, 0.8216, 0.9893, 1.2765]
 
model_19
Loss
[1.4261, 1.8867, 1.8276, 1.3202, 1.2076]
Accuracy
[0.6369, 0.4598, 0.5065, 0.6461, 0.6400]
MDE
[0.9576, 1.3172, 1.0726, 0.7452, 0.7117]
 
Average Loss
[2.3933, 2.3659, 1.7178, 1.8418, 1.6542]
Average Accuracy
[0.4693, 0.4237, 0.5494, 0.5014, 0.5362]
Average MDE
[1.3289, 1.4534, 1.0411, 1.1584, 0.9667]
