model_0
Loss
[0.3758, 0.3308, 0.3227, 0.3383, 0.2891]
Accuracy
[0.8894, 0.8976, 0.9020, 0.8951, 0.9206]
MDE
[0.3314, 0.3191, 0.2467, 0.2673, 0.1626]
 
model_1
Loss
[0.3721, 0.3452, 0.3349, 0.3598, 0.2800]
Accuracy
[0.8933, 0.8982, 0.8953, 0.8961, 0.9208]
MDE
[0.3194, 0.3120, 0.2530, 0.2669, 0.1562]
 
model_2
Loss
[0.3649, 0.3249, 0.3289, 0.3449, 0.2816]
Accuracy
[0.8941, 0.8953, 0.8986, 0.9008, 0.9216]
MDE
[0.3331, 0.3153, 0.2594, 0.2592, 0.1582]
 
model_3
Loss
[0.3933, 0.3501, 0.3285, 0.3476, 0.2957]
Accuracy
[0.8933, 0.8992, 0.8986, 0.8988, 0.9192]
MDE
[0.3269, 0.3056, 0.2595, 0.2642, 0.1564]
 
model_4
Loss
[0.3799, 0.3168, 0.3204, 0.3384, 0.2897]
Accuracy
[0.8892, 0.9061, 0.9018, 0.9039, 0.9222]
MDE
[0.3347, 0.2988, 0.2404, 0.2590, 0.1581]
 
model_5
Loss
[0.3572, 0.3243, 0.3365, 0.3490, 0.2867]
Accuracy
[0.8986, 0.9059, 0.8935, 0.8973, 0.9190]
MDE
[0.3174, 0.3005, 0.2681, 0.2653, 0.1634]
 
model_6
Loss
[0.3567, 0.3189, 0.3208, 0.3367, 0.2639]
Accuracy
[0.8988, 0.9067, 0.8971, 0.8971, 0.9235]
MDE
[0.3116, 0.2952, 0.2498, 0.2624, 0.1479]
 
model_7
Loss
[0.3474, 0.3301, 0.3074, 0.3386, 0.2770]
Accuracy
[0.8998, 0.8967, 0.8990, 0.8992, 0.9190]
MDE
[0.3246, 0.3221, 0.2554, 0.2571, 0.1558]
 
model_8
Loss
[0.3702, 0.3369, 0.3219, 0.3295, 0.2744]
Accuracy
[0.8941, 0.8986, 0.8998, 0.9031, 0.9208]
MDE
[0.3261, 0.3121, 0.2573, 0.2498, 0.1628]
 
model_9
Loss
[0.3878, 0.3331, 0.3310, 0.3329, 0.2781]
Accuracy
[0.8902, 0.9010, 0.8978, 0.9033, 0.9247]
MDE
[0.3272, 0.3111, 0.2576, 0.2632, 0.1562]
 
model_10
Loss
[0.3609, 0.3345, 0.3173, 0.3492, 0.2913]
Accuracy
[0.8998, 0.8971, 0.9022, 0.8978, 0.9180]
MDE
[0.3118, 0.3179, 0.2500, 0.2647, 0.1642]
 
model_11
Loss
[0.3523, 0.3288, 0.3254, 0.3390, 0.2904]
Accuracy
[0.8990, 0.9012, 0.8949, 0.9000, 0.9220]
MDE
[0.3111, 0.3094, 0.2592, 0.2642, 0.1641]
 
model_12
Loss
[0.3766, 0.3263, 0.3390, 0.3585, 0.2720]
Accuracy
[0.8863, 0.9029, 0.8898, 0.8924, 0.9196]
MDE
[0.3394, 0.3039, 0.2739, 0.2737, 0.1575]
 
model_13
Loss
[0.3799, 0.3374, 0.3267, 0.3470, 0.2896]
Accuracy
[0.8896, 0.9008, 0.8959, 0.9008, 0.9243]
MDE
[0.3364, 0.3043, 0.2505, 0.2540, 0.1552]
 
model_14
Loss
[0.3753, 0.3321, 0.3259, 0.3404, 0.2841]
Accuracy
[0.8916, 0.8959, 0.8998, 0.9037, 0.9173]
MDE
[0.3324, 0.3169, 0.2539, 0.2576, 0.1615]
 
model_15
Loss
[0.3679, 0.3344, 0.3149, 0.3560, 0.2770]
Accuracy
[0.8941, 0.8980, 0.9008, 0.9014, 0.9204]
MDE
[0.3199, 0.3071, 0.2455, 0.2600, 0.1568]
 
model_16
Loss
[0.3804, 0.3214, 0.3229, 0.3521, 0.2961]
Accuracy
[0.8886, 0.9041, 0.8986, 0.9010, 0.9167]
MDE
[0.3274, 0.2939, 0.2540, 0.2567, 0.1631]
 
model_17
Loss
[0.3680, 0.3273, 0.3259, 0.3434, 0.2874]
Accuracy
[0.8949, 0.8994, 0.8986, 0.8994, 0.9180]
MDE
[0.3260, 0.3167, 0.2580, 0.2716, 0.1633]
 
model_18
Loss
[0.3831, 0.3316, 0.3264, 0.3465, 0.2714]
Accuracy
[0.8910, 0.8990, 0.8978, 0.8971, 0.9259]
MDE
[0.3373, 0.3093, 0.2533, 0.2714, 0.1516]
 
model_19
Loss
[0.3859, 0.3364, 0.3394, 0.3419, 0.2811]
Accuracy
[0.8906, 0.8963, 0.8908, 0.8971, 0.9192]
MDE
[0.3281, 0.3133, 0.2656, 0.2605, 0.1543]
 
Average Loss
[0.3718, 0.3311, 0.3258, 0.3445, 0.2828]
Average Accuracy
[0.8933, 0.9000, 0.8976, 0.8993, 0.9206]
Average MDE
[0.3261, 0.3092, 0.2556, 0.2624, 0.1585]
