model_0
Loss
[0.5492, 0.4606, 0.4493, 0.5035, 0.4141]
Accuracy
[0.8471, 0.8633, 0.8694, 0.8576, 0.8910]
MDE
[0.4356, 0.3753, 0.3092, 0.3471, 0.2227]
 
model_1
Loss
[0.5844, 0.5126, 0.4758, 0.5276, 0.3919]
Accuracy
[0.8447, 0.8553, 0.8647, 0.8571, 0.8941]
MDE
[0.4368, 0.3993, 0.3165, 0.3597, 0.2099]
 
model_2
Loss
[0.5813, 0.4833, 0.4884, 0.4812, 0.4098]
Accuracy
[0.8369, 0.8606, 0.8594, 0.8627, 0.8904]
MDE
[0.4773, 0.3905, 0.3438, 0.3351, 0.2174]
 
model_3
Loss
[0.5971, 0.4931, 0.4787, 0.5089, 0.4188]
Accuracy
[0.8386, 0.8692, 0.8635, 0.8682, 0.8959]
MDE
[0.4583, 0.3660, 0.3467, 0.3320, 0.2084]
 
model_4
Loss
[0.5786, 0.4723, 0.4566, 0.4985, 0.4226]
Accuracy
[0.8367, 0.8649, 0.8667, 0.8633, 0.8878]
MDE
[0.4941, 0.3813, 0.3128, 0.3382, 0.2357]
 
model_5
Loss
[0.5505, 0.4803, 0.4594, 0.4860, 0.4259]
Accuracy
[0.8502, 0.8639, 0.8655, 0.8680, 0.8857]
MDE
[0.4345, 0.3779, 0.3333, 0.3311, 0.2327]
 
model_6
Loss
[0.5860, 0.4603, 0.4497, 0.4911, 0.3837]
Accuracy
[0.8414, 0.8735, 0.8673, 0.8596, 0.8896]
MDE
[0.4799, 0.3662, 0.3114, 0.3425, 0.2197]
 
model_7
Loss
[0.5758, 0.4628, 0.4540, 0.4905, 0.3930]
Accuracy
[0.8371, 0.8698, 0.8645, 0.8631, 0.8900]
MDE
[0.4662, 0.3753, 0.3370, 0.3363, 0.2210]
 
model_8
Loss
[0.5696, 0.4891, 0.4407, 0.4825, 0.4136]
Accuracy
[0.8449, 0.8647, 0.8706, 0.8716, 0.8878]
MDE
[0.4496, 0.3742, 0.3174, 0.3280, 0.2315]
 
model_9
Loss
[0.5707, 0.4807, 0.4578, 0.5035, 0.3843]
Accuracy
[0.8398, 0.8667, 0.8637, 0.8641, 0.8947]
MDE
[0.4607, 0.3797, 0.3268, 0.3371, 0.2106]
 
model_10
Loss
[0.5796, 0.4672, 0.4645, 0.4897, 0.4106]
Accuracy
[0.8320, 0.8653, 0.8586, 0.8686, 0.8812]
MDE
[0.4870, 0.3766, 0.3352, 0.3319, 0.2267]
 
model_11
Loss
[0.5822, 0.4728, 0.4518, 0.4999, 0.3975]
Accuracy
[0.8406, 0.8678, 0.8641, 0.8627, 0.8900]
MDE
[0.4669, 0.3852, 0.3229, 0.3296, 0.2135]
 
model_12
Loss
[0.5944, 0.4727, 0.4789, 0.4972, 0.4061]
Accuracy
[0.8365, 0.8637, 0.8535, 0.8580, 0.8871]
MDE
[0.4797, 0.3741, 0.3378, 0.3551, 0.2289]
 
model_13
Loss
[0.5869, 0.4793, 0.4742, 0.4946, 0.4176]
Accuracy
[0.8361, 0.8735, 0.8602, 0.8663, 0.8890]
MDE
[0.4578, 0.3701, 0.3325, 0.3386, 0.2206]
 
model_14
Loss
[0.5940, 0.4966, 0.4656, 0.4879, 0.4113]
Accuracy
[0.8373, 0.8629, 0.8647, 0.8696, 0.8849]
MDE
[0.4789, 0.3825, 0.3268, 0.3372, 0.2359]
 
model_15
Loss
[0.5585, 0.4933, 0.4810, 0.5093, 0.4030]
Accuracy
[0.8478, 0.8649, 0.8549, 0.8612, 0.8835]
MDE
[0.4372, 0.3835, 0.3325, 0.3487, 0.2215]
 
model_16
Loss
[0.6091, 0.4899, 0.4846, 0.4953, 0.3998]
Accuracy
[0.8335, 0.8704, 0.8553, 0.8669, 0.8957]
MDE
[0.4880, 0.3716, 0.3551, 0.3281, 0.2062]
 
model_17
Loss
[0.5776, 0.4665, 0.4775, 0.4932, 0.3899]
Accuracy
[0.8357, 0.8706, 0.8580, 0.8649, 0.8949]
MDE
[0.4677, 0.3746, 0.3457, 0.3421, 0.2056]
 
model_18
Loss
[0.5781, 0.4989, 0.4772, 0.5076, 0.3932]
Accuracy
[0.8396, 0.8610, 0.8602, 0.8576, 0.8976]
MDE
[0.4728, 0.4005, 0.3504, 0.3700, 0.2084]
 
model_19
Loss
[0.5590, 0.4783, 0.4715, 0.4857, 0.4046]
Accuracy
[0.8414, 0.8669, 0.8649, 0.8718, 0.8849]
MDE
[0.4560, 0.3774, 0.3263, 0.3215, 0.2292]
 
Average Loss
[0.5781, 0.4805, 0.4669, 0.4967, 0.4046]
Average Accuracy
[0.8399, 0.8659, 0.8625, 0.8641, 0.8898]
Average MDE
[0.4643, 0.3791, 0.3310, 0.3395, 0.2203]
