model_0
Loss
[0.1373, 0.1727, 0.1299, 0.1505, 0.0968]
Accuracy
[0.9669, 0.9582, 0.9706, 0.9655, 0.9796]
MDE
[0.0892, 0.0680, 0.0408, 0.0588, 0.0340]
 
model_1
Loss
[0.1312, 0.1447, 0.1541, 0.1464, 0.0828]
Accuracy
[0.9688, 0.9622, 0.9639, 0.9690, 0.9806]
MDE
[0.0680, 0.0637, 0.0550, 0.0557, 0.0353]
 
model_2
Loss
[0.1246, 0.1392, 0.1464, 0.1427, 0.0770]
Accuracy
[0.9663, 0.9627, 0.9641, 0.9659, 0.9798]
MDE
[0.0925, 0.0613, 0.0556, 0.0582, 0.0366]
 
model_3
Loss
[0.1422, 0.1341, 0.2081, 0.1332, 0.1064]
Accuracy
[0.9635, 0.9657, 0.9504, 0.9716, 0.9747]
MDE
[0.0825, 0.0570, 0.0708, 0.0504, 0.0441]
 
model_4
Loss
[0.1308, 0.1256, 0.1461, 0.1690, 0.0848]
Accuracy
[0.9673, 0.9704, 0.9688, 0.9614, 0.9806]
MDE
[0.0792, 0.0493, 0.0492, 0.0726, 0.0342]
 
model_5
Loss
[0.1409, 0.1345, 0.1225, 0.1379, 0.0778]
Accuracy
[0.9655, 0.9676, 0.9729, 0.9710, 0.9788]
MDE
[0.0748, 0.0535, 0.0433, 0.0498, 0.0367]
 
model_6
Loss
[0.1341, 0.1215, 0.1543, 0.1479, 0.0902]
Accuracy
[0.9667, 0.9688, 0.9598, 0.9684, 0.9802]
MDE
[0.0783, 0.0507, 0.0610, 0.0571, 0.0371]
 
model_7
Loss
[0.1387, 0.1350, 0.1362, 0.1430, 0.0917]
Accuracy
[0.9641, 0.9629, 0.9698, 0.9688, 0.9773]
MDE
[0.0767, 0.0567, 0.0511, 0.0570, 0.0419]
 
model_8
Loss
[0.1261, 0.1417, 0.1373, 0.1531, 0.1017]
Accuracy
[0.9722, 0.9606, 0.9671, 0.9692, 0.9771]
MDE
[0.0601, 0.0558, 0.0489, 0.0532, 0.0390]
 
model_9
Loss
[0.1252, 0.1479, 0.1531, 0.1499, 0.0840]
Accuracy
[0.9712, 0.9612, 0.9686, 0.9694, 0.9800]
MDE
[0.0580, 0.0629, 0.0556, 0.0513, 0.0334]
 
Average Loss
[0.1331, 0.1397, 0.1488, 0.1474, 0.0893]
Average Accuracy
[0.9673, 0.9640, 0.9656, 0.9680, 0.9789]
Average MDE
[0.0759, 0.0579, 0.0531, 0.0564, 0.0372]
