model_0
Loss
[2.2671, 1.6600, 2.2755, 1.8595, 2.3838]
Accuracy
[0.4927, 0.5971, 0.4529, 0.4943, 0.3869]
MDE
[0.9444, 0.6175, 0.9225, 0.8127, 0.9207]
 
model_1
Loss
[3.0730, 3.9008, 2.2364, 2.2392, 1.6927]
Accuracy
[0.4331, 0.2829, 0.4210, 0.4027, 0.5422]
MDE
[1.0647, 1.2869, 0.9927, 1.0254, 0.6479]
 
model_2
Loss
[1.3377, 1.6854, 1.4609, 1.3285, 1.3891]
Accuracy
[0.6533, 0.6069, 0.5757, 0.6139, 0.6353]
MDE
[0.6871, 0.5657, 0.7107, 0.5721, 0.4960]
 
model_3
Loss
[3.1653, 2.5990, 1.4026, 2.0185, 1.6859]
Accuracy
[0.4282, 0.4312, 0.5827, 0.4855, 0.5324]
MDE
[1.0657, 0.9274, 0.6882, 0.8139, 0.7089]
 
model_4
Loss
[2.1558, 1.8849, 1.2628, 1.4755, 0.9075]
Accuracy
[0.5022, 0.5278, 0.6355, 0.5904, 0.7329]
MDE
[0.8897, 0.7856, 0.6367, 0.6463, 0.3787]
 
model_5
Loss
[1.9384, 2.8574, 1.1968, 1.6415, 0.9423]
Accuracy
[0.5380, 0.3990, 0.6641, 0.4957, 0.7349]
MDE
[0.8310, 0.9377, 0.5654, 0.8421, 0.3693]
 
model_6
Loss
[2.8995, 1.7492, 2.1649, 1.2068, 2.3127]
Accuracy
[0.4510, 0.5527, 0.4696, 0.6616, 0.4322]
MDE
[1.0272, 0.6964, 0.9141, 0.5353, 0.8390]
 
model_7
Loss
[1.8899, 3.1438, 0.8464, 1.1394, 1.1889]
Accuracy
[0.5359, 0.3790, 0.7300, 0.6794, 0.6157]
MDE
[0.8736, 1.0795, 0.4700, 0.5644, 0.5444]
 
model_8
Loss
[3.8473, 1.8302, 2.0356, 1.3093, 0.8971]
Accuracy
[0.3773, 0.5280, 0.5045, 0.6216, 0.7671]
MDE
[1.1514, 0.7461, 0.8710, 0.5568, 0.3204]
 
model_9
Loss
[1.8066, 2.7232, 1.1534, 1.3811, 1.2752]
Accuracy
[0.5616, 0.4012, 0.6406, 0.6337, 0.6529]
MDE
[0.7979, 1.0484, 0.6286, 0.5968, 0.4733]
 
Average Loss
[2.4381, 2.4034, 1.6035, 1.5599, 1.4675]
Average Accuracy
[0.4973, 0.4706, 0.5677, 0.5679, 0.6033]
Average MDE
[0.9333, 0.8691, 0.7400, 0.6966, 0.5699]
