model_0
Loss
[0.0679, 0.0720, 0.0775, 0.1020, 0.0645]
Accuracy
[0.9855, 0.9802, 0.9822, 0.9776, 0.9853]
MDE
[0.0283, 0.0347, 0.0284, 0.0406, 0.0234]
 
model_1
Loss
[0.0612, 0.0532, 0.0750, 0.0817, 0.0572]
Accuracy
[0.9871, 0.9855, 0.9824, 0.9816, 0.9865]
MDE
[0.0252, 0.0212, 0.0281, 0.0322, 0.0250]
 
model_2
Loss
[0.0557, 0.0711, 0.0749, 0.0787, 0.0556]
Accuracy
[0.9882, 0.9812, 0.9808, 0.9818, 0.9861]
MDE
[0.0228, 0.0280, 0.0308, 0.0310, 0.0243]
 
model_3
Loss
[0.0576, 0.0635, 0.0818, 0.0953, 0.0645]
Accuracy
[0.9851, 0.9818, 0.9829, 0.9782, 0.9843]
MDE
[0.0272, 0.0287, 0.0271, 0.0412, 0.0262]
 
model_4
Loss
[0.0695, 0.0623, 0.0714, 0.0922, 0.0658]
Accuracy
[0.9865, 0.9820, 0.9831, 0.9800, 0.9847]
MDE
[0.0280, 0.0290, 0.0292, 0.0372, 0.0259]
 
model_5
Loss
[0.0618, 0.0489, 0.0704, 0.0768, 0.0582]
Accuracy
[0.9845, 0.9855, 0.9806, 0.9820, 0.9841]
MDE
[0.0305, 0.0229, 0.0344, 0.0308, 0.0297]
 
model_6
Loss
[0.0599, 0.0615, 0.0693, 0.0831, 0.0531]
Accuracy
[0.9865, 0.9843, 0.9833, 0.9810, 0.9865]
MDE
[0.0281, 0.0250, 0.0277, 0.0348, 0.0241]
 
model_7
Loss
[0.0600, 0.0555, 0.0778, 0.0760, 0.0589]
Accuracy
[0.9865, 0.9859, 0.9818, 0.9833, 0.9857]
MDE
[0.0247, 0.0233, 0.0276, 0.0321, 0.0273]
 
model_8
Loss
[0.0719, 0.0781, 0.0816, 0.0835, 0.0613]
Accuracy
[0.9829, 0.9814, 0.9829, 0.9798, 0.9839]
MDE
[0.0325, 0.0284, 0.0305, 0.0339, 0.0292]
 
model_9
Loss
[0.0636, 0.0548, 0.0787, 0.0831, 0.0489]
Accuracy
[0.9861, 0.9859, 0.9804, 0.9814, 0.9867]
MDE
[0.0292, 0.0253, 0.0327, 0.0327, 0.0231]
 
Average Loss
[0.0629, 0.0621, 0.0759, 0.0852, 0.0588]
Average Accuracy
[0.9859, 0.9834, 0.9820, 0.9807, 0.9854]
Average MDE
[0.0277, 0.0266, 0.0297, 0.0346, 0.0258]
