model_0
Loss
[0.0355, 0.0487, 0.0352, 0.0475, 0.0388]
Accuracy
[0.9914, 0.9906, 0.9927, 0.9892, 0.9910]
MDE
[0.0121, 0.0145, 0.0104, 0.0155, 0.0167]
 
model_1
Loss
[0.0377, 0.0394, 0.0321, 0.0529, 0.0356]
Accuracy
[0.9916, 0.9916, 0.9931, 0.9888, 0.9922]
MDE
[0.0105, 0.0137, 0.0103, 0.0144, 0.0131]
 
model_2
Loss
[0.0412, 0.0414, 0.0347, 0.0460, 0.0439]
Accuracy
[0.9898, 0.9914, 0.9931, 0.9908, 0.9910]
MDE
[0.0144, 0.0127, 0.0095, 0.0133, 0.0132]
 
model_3
Loss
[0.0442, 0.0428, 0.0338, 0.0409, 0.0609]
Accuracy
[0.9873, 0.9892, 0.9933, 0.9914, 0.9865]
MDE
[0.0159, 0.0159, 0.0093, 0.0115, 0.0215]
 
model_4
Loss
[0.0358, 0.0428, 0.0319, 0.0469, 0.0385]
Accuracy
[0.9914, 0.9916, 0.9929, 0.9900, 0.9931]
MDE
[0.0105, 0.0113, 0.0100, 0.0145, 0.0119]
 
model_5
Loss
[0.0410, 0.0412, 0.0381, 0.0481, 0.0531]
Accuracy
[0.9902, 0.9906, 0.9931, 0.9896, 0.9888]
MDE
[0.0124, 0.0182, 0.0118, 0.0126, 0.0186]
 
model_6
Loss
[0.0377, 0.0380, 0.0399, 0.0446, 0.0573]
Accuracy
[0.9900, 0.9908, 0.9916, 0.9916, 0.9871]
MDE
[0.0149, 0.0150, 0.0112, 0.0095, 0.0216]
 
model_7
Loss
[0.0457, 0.0361, 0.0350, 0.0449, 0.0361]
Accuracy
[0.9898, 0.9914, 0.9906, 0.9918, 0.9916]
MDE
[0.0127, 0.0120, 0.0128, 0.0089, 0.0144]
 
model_8
Loss
[0.0364, 0.0603, 0.0348, 0.0393, 0.0421]
Accuracy
[0.9916, 0.9865, 0.9924, 0.9908, 0.9918]
MDE
[0.0109, 0.0187, 0.0099, 0.0117, 0.0137]
 
model_9
Loss
[0.0401, 0.0458, 0.0313, 0.0438, 0.0385]
Accuracy
[0.9910, 0.9910, 0.9941, 0.9914, 0.9910]
MDE
[0.0108, 0.0156, 0.0088, 0.0116, 0.0159]
 
Average Loss
[0.0395, 0.0437, 0.0347, 0.0455, 0.0445]
Average Accuracy
[0.9904, 0.9905, 0.9927, 0.9906, 0.9904]
Average MDE
[0.0125, 0.0148, 0.0104, 0.0123, 0.0161]
