model_0
Loss
[2.5054, 3.4824, 1.2011, 1.7517, 1.8481]
Accuracy
[0.5494, 0.3896, 0.7012, 0.5716, 0.5680]
MDE
[0.6089, 0.8906, 0.4546, 0.5530, 0.6195]
 
model_1
Loss
[1.1321, 1.1903, 0.9218, 0.6755, 1.9071]
Accuracy
[0.7112, 0.7000, 0.7051, 0.8061, 0.4749]
MDE
[0.4233, 0.3759, 0.4018, 0.2068, 0.6880]
 
model_2
Loss
[2.2185, 2.4389, 0.5923, 0.7680, 1.1116]
Accuracy
[0.5627, 0.4700, 0.8306, 0.7818, 0.6800]
MDE
[0.6134, 0.7152, 0.2221, 0.2519, 0.4169]
 
model_3
Loss
[0.9661, 0.9601, 0.5337, 0.6074, 1.2520]
Accuracy
[0.7451, 0.7169, 0.8298, 0.8090, 0.6335]
MDE
[0.3230, 0.3740, 0.2321, 0.2481, 0.4744]
 
model_4
Loss
[1.3850, 2.3038, 1.5763, 1.0591, 3.6932]
Accuracy
[0.7292, 0.5169, 0.6496, 0.6898, 0.3310]
MDE
[0.3618, 0.6268, 0.5211, 0.3770, 0.8975]
 
model_5
Loss
[2.0689, 2.6367, 1.3943, 1.2733, 2.2047]
Accuracy
[0.5692, 0.4033, 0.6161, 0.6431, 0.4496]
MDE
[0.5806, 0.8462, 0.5476, 0.4424, 0.7635]
 
model_6
Loss
[1.0469, 1.9053, 1.2616, 1.9317, 0.9552]
Accuracy
[0.7594, 0.5488, 0.6649, 0.4920, 0.7235]
MDE
[0.3166, 0.6118, 0.4967, 0.6320, 0.3784]
 
model_7
Loss
[1.6450, 2.4472, 2.6833, 1.4532, 3.2083]
Accuracy
[0.6671, 0.5147, 0.5161, 0.6029, 0.4127]
MDE
[0.4450, 0.7046, 0.6978, 0.5041, 0.8799]
 
model_8
Loss
[2.5277, 1.7597, 0.7868, 1.6772, 3.7822]
Accuracy
[0.5645, 0.5761, 0.7445, 0.5214, 0.2892]
MDE
[0.5663, 0.5656, 0.3666, 0.6090, 1.0120]
 
model_9
Loss
[1.5707, 2.2499, 1.3994, 1.0686, 4.5138]
Accuracy
[0.6720, 0.5037, 0.6441, 0.6851, 0.2447]
MDE
[0.4068, 0.6324, 0.5272, 0.4626, 1.0076]
 
Average Loss
[1.7066, 2.1374, 1.2351, 1.2266, 2.4476]
Average Accuracy
[0.6530, 0.5340, 0.6902, 0.6603, 0.4807]
Average MDE
[0.4646, 0.6343, 0.4468, 0.4287, 0.7138]
