model_0
Loss
[0.0953, 0.0946, 0.0733, 0.1063, 0.1052]
Accuracy
[0.9792, 0.9800, 0.9849, 0.9729, 0.9798]
MDE
[0.0266, 0.0311, 0.0188, 0.0351, 0.0333]
 
model_1
Loss
[0.0968, 0.0754, 0.1173, 0.0822, 0.1175]
Accuracy
[0.9808, 0.9829, 0.9702, 0.9798, 0.9749]
MDE
[0.0264, 0.0269, 0.0359, 0.0251, 0.0396]
 
model_2
Loss
[0.1016, 0.0858, 0.0723, 0.0996, 0.1017]
Accuracy
[0.9776, 0.9812, 0.9833, 0.9773, 0.9745]
MDE
[0.0306, 0.0288, 0.0201, 0.0281, 0.0337]
 
model_3
Loss
[0.0951, 0.0873, 0.0732, 0.0755, 0.0751]
Accuracy
[0.9796, 0.9814, 0.9847, 0.9812, 0.9833]
MDE
[0.0282, 0.0279, 0.0190, 0.0252, 0.0290]
 
model_4
Loss
[0.0912, 0.0882, 0.0753, 0.0789, 0.0732]
Accuracy
[0.9822, 0.9808, 0.9824, 0.9810, 0.9829]
MDE
[0.0236, 0.0270, 0.0225, 0.0258, 0.0276]
 
model_5
Loss
[0.0712, 0.0848, 0.0802, 0.0715, 0.1106]
Accuracy
[0.9855, 0.9812, 0.9814, 0.9829, 0.9747]
MDE
[0.0210, 0.0285, 0.0249, 0.0199, 0.0339]
 
model_6
Loss
[0.0939, 0.0891, 0.0837, 0.1177, 0.0901]
Accuracy
[0.9794, 0.9806, 0.9802, 0.9716, 0.9802]
MDE
[0.0283, 0.0321, 0.0254, 0.0327, 0.0324]
 
model_7
Loss
[0.0726, 0.1006, 0.0847, 0.0683, 0.1204]
Accuracy
[0.9845, 0.9745, 0.9792, 0.9851, 0.9778]
MDE
[0.0232, 0.0356, 0.0268, 0.0182, 0.0368]
 
model_8
Loss
[0.0848, 0.0843, 0.0773, 0.0731, 0.0850]
Accuracy
[0.9814, 0.9790, 0.9833, 0.9818, 0.9837]
MDE
[0.0251, 0.0292, 0.0198, 0.0213, 0.0274]
 
model_9
Loss
[0.0938, 0.1199, 0.1303, 0.0854, 0.0998]
Accuracy
[0.9794, 0.9741, 0.9686, 0.9810, 0.9806]
MDE
[0.0291, 0.0408, 0.0404, 0.0227, 0.0313]
 
Average Loss
[0.0896, 0.0910, 0.0868, 0.0858, 0.0979]
Average Accuracy
[0.9810, 0.9796, 0.9798, 0.9795, 0.9792]
Average MDE
[0.0262, 0.0308, 0.0254, 0.0254, 0.0325]
