model_0
Loss
[0.1426, 0.1057, 0.1169, 0.1796, 0.1530]
Accuracy
[0.9682, 0.9751, 0.9727, 0.9594, 0.9696]
MDE
[0.0739, 0.0541, 0.0515, 0.1068, 0.0476]
 
model_1
Loss
[0.1238, 0.0997, 0.1053, 0.1771, 0.1362]
Accuracy
[0.9710, 0.9765, 0.9751, 0.9561, 0.9710]
MDE
[0.0655, 0.0487, 0.0433, 0.0954, 0.0467]
 
model_2
Loss
[0.1341, 0.1048, 0.1028, 0.1799, 0.1354]
Accuracy
[0.9684, 0.9743, 0.9776, 0.9561, 0.9663]
MDE
[0.0694, 0.0468, 0.0464, 0.0908, 0.0517]
 
model_3
Loss
[0.1188, 0.0974, 0.0985, 0.1936, 0.1521]
Accuracy
[0.9688, 0.9747, 0.9782, 0.9518, 0.9692]
MDE
[0.0669, 0.0491, 0.0467, 0.1118, 0.0473]
 
model_4
Loss
[0.1281, 0.1231, 0.1041, 0.1776, 0.1365]
Accuracy
[0.9702, 0.9692, 0.9757, 0.9580, 0.9704]
MDE
[0.0660, 0.0591, 0.0487, 0.0925, 0.0512]
 
model_5
Loss
[0.1215, 0.1210, 0.1106, 0.1735, 0.1611]
Accuracy
[0.9696, 0.9714, 0.9722, 0.9588, 0.9655]
MDE
[0.0709, 0.0574, 0.0499, 0.0887, 0.0570]
 
model_6
Loss
[0.1355, 0.1045, 0.1015, 0.1829, 0.1616]
Accuracy
[0.9690, 0.9759, 0.9776, 0.9590, 0.9624]
MDE
[0.0668, 0.0540, 0.0498, 0.0957, 0.0568]
 
model_7
Loss
[0.1407, 0.1159, 0.1115, 0.1824, 0.1398]
Accuracy
[0.9627, 0.9702, 0.9759, 0.9569, 0.9649]
MDE
[0.0838, 0.0552, 0.0528, 0.0930, 0.0523]
 
model_8
Loss
[0.1321, 0.1294, 0.1170, 0.1924, 0.1421]
Accuracy
[0.9663, 0.9676, 0.9753, 0.9545, 0.9682]
MDE
[0.0744, 0.0559, 0.0492, 0.1124, 0.0487]
 
model_9
Loss
[0.1397, 0.1306, 0.1391, 0.1839, 0.1472]
Accuracy
[0.9694, 0.9692, 0.9686, 0.9563, 0.9676]
MDE
[0.0796, 0.0578, 0.0608, 0.0970, 0.0514]
 
Average Loss
[0.1317, 0.1132, 0.1107, 0.1823, 0.1465]
Average Accuracy
[0.9683, 0.9724, 0.9749, 0.9567, 0.9675]
Average MDE
[0.0717, 0.0538, 0.0499, 0.0984, 0.0511]
