model_0
Loss
[0.0799, 0.0524, 0.0536, 0.0910, 0.0702]
Accuracy
[0.9843, 0.9867, 0.9876, 0.9814, 0.9829]
MDE
[0.0371, 0.0367, 0.0306, 0.0467, 0.0313]
 
model_1
Loss
[0.0792, 0.0499, 0.0631, 0.0946, 0.0575]
Accuracy
[0.9824, 0.9886, 0.9863, 0.9806, 0.9851]
MDE
[0.0398, 0.0314, 0.0316, 0.0408, 0.0296]
 
model_2
Loss
[0.0737, 0.0517, 0.0612, 0.0961, 0.0634]
Accuracy
[0.9861, 0.9873, 0.9845, 0.9767, 0.9853]
MDE
[0.0370, 0.0308, 0.0339, 0.0441, 0.0284]
 
model_3
Loss
[0.0721, 0.0461, 0.0601, 0.0916, 0.0628]
Accuracy
[0.9857, 0.9873, 0.9859, 0.9806, 0.9849]
MDE
[0.0377, 0.0307, 0.0297, 0.0446, 0.0266]
 
model_4
Loss
[0.0775, 0.0508, 0.0626, 0.0970, 0.0482]
Accuracy
[0.9829, 0.9867, 0.9833, 0.9780, 0.9898]
MDE
[0.0432, 0.0318, 0.0349, 0.0450, 0.0255]
 
model_5
Loss
[0.0693, 0.0602, 0.0630, 0.1024, 0.0564]
Accuracy
[0.9857, 0.9855, 0.9853, 0.9790, 0.9857]
MDE
[0.0386, 0.0349, 0.0337, 0.0482, 0.0278]
 
model_6
Loss
[0.0832, 0.0614, 0.0499, 0.0992, 0.0496]
Accuracy
[0.9833, 0.9831, 0.9884, 0.9786, 0.9869]
MDE
[0.0365, 0.0380, 0.0294, 0.0470, 0.0271]
 
model_7
Loss
[0.0703, 0.0508, 0.0510, 0.1039, 0.0527]
Accuracy
[0.9847, 0.9873, 0.9878, 0.9788, 0.9861]
MDE
[0.0368, 0.0329, 0.0299, 0.0452, 0.0272]
 
model_8
Loss
[0.0782, 0.0573, 0.0536, 0.0938, 0.0535]
Accuracy
[0.9859, 0.9839, 0.9884, 0.9804, 0.9880]
MDE
[0.0370, 0.0369, 0.0313, 0.0451, 0.0255]
 
model_9
Loss
[0.0805, 0.0642, 0.0565, 0.1026, 0.0564]
Accuracy
[0.9849, 0.9839, 0.9865, 0.9790, 0.9869]
MDE
[0.0388, 0.0375, 0.0320, 0.0453, 0.0286]
 
Average Loss
[0.0764, 0.0545, 0.0575, 0.0972, 0.0571]
Average Accuracy
[0.9846, 0.9860, 0.9864, 0.9793, 0.9862]
Average MDE
[0.0382, 0.0342, 0.0317, 0.0452, 0.0277]
