model_0
Loss
[1.2668, 1.5988, 1.1204, 1.2992, 1.0564]
Accuracy
[0.6671, 0.5214, 0.6653, 0.6200, 0.6798]
MDE
[0.6550, 0.7401, 0.5426, 0.6140, 0.4386]
 
model_1
Loss
[1.5878, 1.6027, 1.5115, 1.4316, 3.4328]
Accuracy
[0.6418, 0.5612, 0.5802, 0.5880, 0.3310]
MDE
[0.6723, 0.6818, 0.7482, 0.6204, 1.0089]
 
model_2
Loss
[1.5456, 1.9779, 1.3071, 1.1576, 1.7681]
Accuracy
[0.6253, 0.4622, 0.6378, 0.6894, 0.5239]
MDE
[0.7288, 0.8740, 0.6309, 0.5113, 0.6175]
 
model_3
Loss
[0.8522, 1.6831, 0.8230, 2.5123, 1.4864]
Accuracy
[0.7837, 0.5398, 0.7792, 0.3622, 0.5649]
MDE
[0.4010, 0.7261, 0.3168, 0.9434, 0.6001]
 
model_4
Loss
[3.2579, 1.9073, 1.5661, 2.5329, 1.8642]
Accuracy
[0.3931, 0.5237, 0.5873, 0.3688, 0.4978]
MDE
[1.1560, 0.7722, 0.6756, 0.9676, 0.7133]
 
model_5
Loss
[1.2831, 0.7657, 0.9024, 1.6355, 1.2366]
Accuracy
[0.6682, 0.7814, 0.7047, 0.5310, 0.6278]
MDE
[0.6604, 0.3317, 0.4870, 0.7402, 0.5147]
 
model_6
Loss
[1.9657, 3.3168, 1.0208, 2.0513, 1.9307]
Accuracy
[0.5390, 0.3418, 0.7133, 0.4890, 0.4896]
MDE
[0.8870, 1.1037, 0.4536, 0.7908, 0.7370]
 
model_7
Loss
[1.2571, 2.5858, 1.3173, 1.0665, 0.6272]
Accuracy
[0.6996, 0.4220, 0.6143, 0.7141, 0.8355]
MDE
[0.5148, 0.9723, 0.6543, 0.4844, 0.2185]
 
model_8
Loss
[1.2194, 1.3990, 1.2985, 0.9480, 1.8642]
Accuracy
[0.6831, 0.5765, 0.6022, 0.7333, 0.5186]
MDE
[0.6106, 0.6544, 0.6244, 0.4500, 0.6753]
 
model_9
Loss
[2.2371, 0.8388, 1.4375, 0.8036, 0.8348]
Accuracy
[0.4957, 0.7216, 0.5806, 0.7708, 0.7794]
MDE
[1.0230, 0.4023, 0.7707, 0.4140, 0.2770]
 
Average Loss
[1.6473, 1.7676, 1.2305, 1.5439, 1.6101]
Average Accuracy
[0.6197, 0.5452, 0.6465, 0.5867, 0.5848]
Average MDE
[0.7309, 0.7259, 0.5904, 0.6536, 0.5801]
