model_0
Loss
[0.1289, 0.0859, 0.1513, 0.1155, 0.0953]
Accuracy
[0.9680, 0.9767, 0.9608, 0.9702, 0.9724]
MDE
[0.0734, 0.0660, 0.0694, 0.0644, 0.0600]
 
model_1
Loss
[0.1338, 0.0884, 0.1305, 0.1220, 0.1009]
Accuracy
[0.9676, 0.9786, 0.9631, 0.9682, 0.9716]
MDE
[0.0742, 0.0573, 0.0627, 0.0692, 0.0627]
 
model_2
Loss
[0.1231, 0.0933, 0.1260, 0.1184, 0.0858]
Accuracy
[0.9708, 0.9755, 0.9684, 0.9669, 0.9792]
MDE
[0.0712, 0.0681, 0.0622, 0.0635, 0.0488]
 
model_3
Loss
[0.1209, 0.0852, 0.1152, 0.1133, 0.0971]
Accuracy
[0.9704, 0.9792, 0.9702, 0.9706, 0.9733]
MDE
[0.0708, 0.0567, 0.0571, 0.0610, 0.0589]
 
model_4
Loss
[0.1311, 0.0899, 0.1240, 0.1162, 0.0938]
Accuracy
[0.9678, 0.9786, 0.9682, 0.9694, 0.9753]
MDE
[0.0751, 0.0608, 0.0616, 0.0691, 0.0561]
 
model_5
Loss
[0.1423, 0.0911, 0.1221, 0.1238, 0.0932]
Accuracy
[0.9659, 0.9759, 0.9696, 0.9673, 0.9747]
MDE
[0.0793, 0.0581, 0.0598, 0.0718, 0.0550]
 
model_6
Loss
[0.1287, 0.0895, 0.1218, 0.1293, 0.0995]
Accuracy
[0.9690, 0.9749, 0.9686, 0.9639, 0.9761]
MDE
[0.0780, 0.0630, 0.0612, 0.0714, 0.0527]
 
model_7
Loss
[0.1240, 0.0939, 0.1229, 0.1197, 0.0839]
Accuracy
[0.9692, 0.9724, 0.9696, 0.9686, 0.9784]
MDE
[0.0751, 0.0730, 0.0597, 0.0665, 0.0559]
 
model_8
Loss
[0.1401, 0.0875, 0.1115, 0.1163, 0.0891]
Accuracy
[0.9676, 0.9786, 0.9702, 0.9710, 0.9757]
MDE
[0.0776, 0.0649, 0.0584, 0.0585, 0.0577]
 
model_9
Loss
[0.1407, 0.0966, 0.1422, 0.1184, 0.0939]
Accuracy
[0.9659, 0.9749, 0.9643, 0.9682, 0.9761]
MDE
[0.0827, 0.0668, 0.0671, 0.0645, 0.0507]
 
model_10
Loss
[0.1345, 0.0923, 0.1160, 0.1289, 0.0940]
Accuracy
[0.9665, 0.9761, 0.9678, 0.9673, 0.9761]
MDE
[0.0773, 0.0668, 0.0586, 0.0709, 0.0551]
 
model_11
Loss
[0.1342, 0.0899, 0.1161, 0.1240, 0.0931]
Accuracy
[0.9682, 0.9763, 0.9708, 0.9682, 0.9769]
MDE
[0.0779, 0.0655, 0.0550, 0.0686, 0.0521]
 
model_12
Loss
[0.1525, 0.0976, 0.1151, 0.1213, 0.0913]
Accuracy
[0.9645, 0.9745, 0.9700, 0.9661, 0.9763]
MDE
[0.0870, 0.0658, 0.0567, 0.0680, 0.0506]
 
model_13
Loss
[0.1374, 0.1017, 0.1263, 0.1185, 0.1007]
Accuracy
[0.9665, 0.9749, 0.9676, 0.9698, 0.9749]
MDE
[0.0770, 0.0636, 0.0634, 0.0642, 0.0581]
 
model_14
Loss
[0.1227, 0.0908, 0.1175, 0.1229, 0.0961]
Accuracy
[0.9698, 0.9763, 0.9676, 0.9673, 0.9741]
MDE
[0.0742, 0.0681, 0.0587, 0.0645, 0.0585]
 
model_15
Loss
[0.1327, 0.1002, 0.1293, 0.1244, 0.0941]
Accuracy
[0.9700, 0.9731, 0.9669, 0.9673, 0.9743]
MDE
[0.0725, 0.0698, 0.0636, 0.0701, 0.0583]
 
model_16
Loss
[0.1322, 0.0847, 0.1117, 0.1277, 0.1072]
Accuracy
[0.9692, 0.9771, 0.9696, 0.9673, 0.9708]
MDE
[0.0718, 0.0626, 0.0547, 0.0690, 0.0660]
 
model_17
Loss
[0.1360, 0.0920, 0.1229, 0.1211, 0.1047]
Accuracy
[0.9669, 0.9743, 0.9682, 0.9686, 0.9751]
MDE
[0.0780, 0.0620, 0.0561, 0.0716, 0.0581]
 
model_18
Loss
[0.1304, 0.0974, 0.1138, 0.1331, 0.1018]
Accuracy
[0.9673, 0.9737, 0.9684, 0.9645, 0.9712]
MDE
[0.0793, 0.0681, 0.0580, 0.0698, 0.0627]
 
model_19
Loss
[0.1230, 0.0973, 0.1288, 0.1167, 0.1047]
Accuracy
[0.9686, 0.9745, 0.9684, 0.9682, 0.9776]
MDE
[0.0753, 0.0698, 0.0610, 0.0671, 0.0481]
 
Average Loss
[0.1325, 0.0923, 0.1233, 0.1216, 0.0960]
Average Accuracy
[0.9680, 0.9758, 0.9679, 0.9679, 0.9750]
Average MDE
[0.0764, 0.0648, 0.0603, 0.0672, 0.0563]
