model_0
Loss
[0.1982, 0.1961, 0.2076, 0.2239, 0.1754]
Accuracy
[0.9506, 0.9437, 0.9473, 0.9453, 0.9592]
MDE
[0.1134, 0.1284, 0.0895, 0.1104, 0.0843]
 
model_1
Loss
[0.2171, 0.2234, 0.2014, 0.2156, 0.1831]
Accuracy
[0.9441, 0.9388, 0.9435, 0.9416, 0.9594]
MDE
[0.1235, 0.1399, 0.0949, 0.1076, 0.0833]
 
model_2
Loss
[0.2063, 0.2018, 0.1944, 0.2367, 0.1698]
Accuracy
[0.9492, 0.9453, 0.9469, 0.9414, 0.9676]
MDE
[0.1147, 0.1312, 0.0946, 0.1097, 0.0696]
 
model_3
Loss
[0.2042, 0.1789, 0.1832, 0.2328, 0.1573]
Accuracy
[0.9473, 0.9522, 0.9555, 0.9406, 0.9643]
MDE
[0.1137, 0.1136, 0.0845, 0.1059, 0.0716]
 
model_4
Loss
[0.2288, 0.1853, 0.1709, 0.2118, 0.1676]
Accuracy
[0.9429, 0.9520, 0.9561, 0.9433, 0.9627]
MDE
[0.1274, 0.1105, 0.0855, 0.1061, 0.0818]
 
model_5
Loss
[0.2028, 0.1816, 0.1900, 0.2033, 0.1684]
Accuracy
[0.9486, 0.9500, 0.9502, 0.9447, 0.9643]
MDE
[0.1137, 0.1106, 0.0913, 0.1046, 0.0782]
 
model_6
Loss
[0.2025, 0.1957, 0.1905, 0.2204, 0.1617]
Accuracy
[0.9488, 0.9498, 0.9512, 0.9429, 0.9647]
MDE
[0.1150, 0.1169, 0.0869, 0.1086, 0.0750]
 
model_7
Loss
[0.2030, 0.1729, 0.1964, 0.2353, 0.1609]
Accuracy
[0.9508, 0.9529, 0.9508, 0.9390, 0.9647]
MDE
[0.1092, 0.1098, 0.0880, 0.1185, 0.0796]
 
model_8
Loss
[0.2156, 0.1853, 0.1730, 0.2389, 0.1597]
Accuracy
[0.9439, 0.9500, 0.9543, 0.9390, 0.9661]
MDE
[0.1245, 0.1185, 0.0858, 0.1099, 0.0738]
 
model_9
Loss
[0.2031, 0.1813, 0.1927, 0.2175, 0.1651]
Accuracy
[0.9490, 0.9514, 0.9494, 0.9418, 0.9637]
MDE
[0.1180, 0.1135, 0.0905, 0.1105, 0.0797]
 
model_10
Loss
[0.2149, 0.1674, 0.1835, 0.2334, 0.1509]
Accuracy
[0.9433, 0.9549, 0.9539, 0.9392, 0.9665]
MDE
[0.1203, 0.1108, 0.0863, 0.1130, 0.0724]
 
model_11
Loss
[0.2083, 0.1871, 0.1980, 0.2244, 0.1545]
Accuracy
[0.9494, 0.9498, 0.9494, 0.9424, 0.9651]
MDE
[0.1173, 0.1174, 0.0880, 0.1056, 0.0692]
 
model_12
Loss
[0.2093, 0.2027, 0.2140, 0.2285, 0.1697]
Accuracy
[0.9455, 0.9431, 0.9459, 0.9424, 0.9614]
MDE
[0.1192, 0.1328, 0.1022, 0.1101, 0.0838]
 
model_13
Loss
[0.2186, 0.1967, 0.2152, 0.2043, 0.1478]
Accuracy
[0.9441, 0.9486, 0.9473, 0.9435, 0.9651]
MDE
[0.1246, 0.1175, 0.0965, 0.1075, 0.0747]
 
model_14
Loss
[0.2094, 0.1837, 0.2000, 0.2257, 0.1615]
Accuracy
[0.9484, 0.9522, 0.9494, 0.9431, 0.9643]
MDE
[0.1181, 0.1147, 0.0906, 0.1077, 0.0793]
 
model_15
Loss
[0.2157, 0.1791, 0.1924, 0.2388, 0.1519]
Accuracy
[0.9461, 0.9547, 0.9502, 0.9396, 0.9657]
MDE
[0.1222, 0.1127, 0.0889, 0.1128, 0.0725]
 
model_16
Loss
[0.1930, 0.1878, 0.1886, 0.2392, 0.1581]
Accuracy
[0.9516, 0.9480, 0.9533, 0.9390, 0.9633]
MDE
[0.1134, 0.1239, 0.0887, 0.1080, 0.0725]
 
model_17
Loss
[0.2244, 0.2311, 0.1867, 0.2241, 0.1658]
Accuracy
[0.9449, 0.9388, 0.9527, 0.9420, 0.9622]
MDE
[0.1294, 0.1370, 0.0903, 0.1135, 0.0778]
 
model_18
Loss
[0.2022, 0.1754, 0.1773, 0.2312, 0.1501]
Accuracy
[0.9494, 0.9512, 0.9559, 0.9443, 0.9647]
MDE
[0.1163, 0.1149, 0.0813, 0.1048, 0.0751]
 
model_19
Loss
[0.2257, 0.1911, 0.1802, 0.2045, 0.1656]
Accuracy
[0.9427, 0.9496, 0.9559, 0.9435, 0.9637]
MDE
[0.1238, 0.1229, 0.0814, 0.1059, 0.0763]
 
Average Loss
[0.2102, 0.1902, 0.1918, 0.2245, 0.1622]
Average Accuracy
[0.9470, 0.9488, 0.9510, 0.9419, 0.9639]
Average MDE
[0.1189, 0.1199, 0.0893, 0.1090, 0.0765]
