model_0
Loss
[3.7814, 1.5674, 1.9113, 1.5845, 1.7602]
Accuracy
[0.3386, 0.5627, 0.5043, 0.5486, 0.5631]
MDE
[1.1394, 0.8137, 0.9362, 0.7755, 0.8221]
 
model_1
Loss
[4.1929, 1.1571, 1.0715, 1.7194, 1.5165]
Accuracy
[0.2861, 0.6578, 0.6837, 0.5184, 0.5753]
MDE
[1.2255, 0.6777, 0.5428, 0.7972, 0.8899]
 
model_2
Loss
[1.8181, 1.3925, 0.7984, 0.9619, 2.6875]
Accuracy
[0.5457, 0.6288, 0.7555, 0.7096, 0.4210]
MDE
[0.8400, 0.7738, 0.3900, 0.4690, 1.0751]
 
model_3
Loss
[2.6231, 3.1320, 1.8087, 1.2092, 1.1078]
Accuracy
[0.4390, 0.3427, 0.5455, 0.6584, 0.7002]
MDE
[0.9742, 1.2996, 0.8131, 0.5388, 0.5214]
 
model_4
Loss
[1.9943, 0.9726, 0.9282, 1.1418, 2.0269]
Accuracy
[0.5286, 0.7110, 0.7220, 0.6424, 0.4476]
MDE
[0.8777, 0.5835, 0.4355, 0.5607, 1.0402]
 
model_5
Loss
[2.9109, 0.9788, 1.3196, 1.7132, 1.0094]
Accuracy
[0.4084, 0.7004, 0.6082, 0.5120, 0.7235]
MDE
[1.0895, 0.6326, 0.7173, 0.8510, 0.5588]
 
model_6
Loss
[1.2370, 1.6567, 1.5803, 1.2681, 1.8615]
Accuracy
[0.6806, 0.5112, 0.5343, 0.5933, 0.5151]
MDE
[0.5868, 0.9520, 0.7797, 0.6296, 0.8406]
 
model_7
Loss
[2.0548, 1.7925, 1.6048, 1.2589, 1.7178]
Accuracy
[0.5355, 0.5055, 0.5441, 0.6443, 0.5480]
MDE
[0.8604, 0.9683, 0.7492, 0.5677, 0.8414]
 
model_8
Loss
[2.2831, 1.1067, 0.9063, 1.1392, 2.0725]
Accuracy
[0.4808, 0.6812, 0.7308, 0.6367, 0.4780]
MDE
[0.9803, 0.6614, 0.4347, 0.5533, 1.0750]
 
model_9
Loss
[1.7174, 1.3523, 0.8194, 1.5187, 1.5207]
Accuracy
[0.5804, 0.6208, 0.7441, 0.5318, 0.6037]
MDE
[0.7523, 0.7934, 0.4115, 0.7381, 0.7539]
 
model_10
Loss
[1.9227, 2.1518, 0.9455, 1.2010, 0.7487]
Accuracy
[0.5263, 0.4208, 0.7061, 0.6198, 0.8059]
MDE
[0.8712, 1.1156, 0.4672, 0.6251, 0.3675]
 
model_11
Loss
[1.9631, 2.1159, 1.1087, 0.8924, 0.9461]
Accuracy
[0.5276, 0.4900, 0.6710, 0.7365, 0.7541]
MDE
[0.8394, 1.0257, 0.4946, 0.4351, 0.4987]
 
model_12
Loss
[2.6860, 1.6262, 1.1319, 1.4812, 1.4603]
Accuracy
[0.4288, 0.5463, 0.6690, 0.5402, 0.6031]
MDE
[0.9953, 0.8810, 0.6140, 0.7073, 0.7833]
 
model_13
Loss
[2.8859, 1.2657, 0.9789, 1.2708, 1.0438]
Accuracy
[0.4141, 0.6463, 0.6947, 0.6047, 0.7163]
MDE
[1.0564, 0.7154, 0.4968, 0.6326, 0.5362]
 
model_14
Loss
[2.3598, 1.1358, 1.0711, 1.2597, 1.0143]
Accuracy
[0.4861, 0.6855, 0.6576, 0.6302, 0.7320]
MDE
[0.9653, 0.6203, 0.5415, 0.6012, 0.5052]
 
model_15
Loss
[1.2465, 1.4473, 0.8844, 1.2623, 1.1144]
Accuracy
[0.6600, 0.6020, 0.7443, 0.6388, 0.6871]
MDE
[0.6356, 0.8301, 0.4042, 0.5554, 0.6007]
 
model_16
Loss
[1.9823, 2.4026, 0.9883, 0.8024, 0.9123]
Accuracy
[0.5200, 0.4318, 0.6986, 0.7663, 0.7616]
MDE
[0.8796, 1.1501, 0.4896, 0.3665, 0.4337]
 
model_17
Loss
[2.8801, 1.7514, 2.6123, 0.8889, 2.7045]
Accuracy
[0.4010, 0.5147, 0.4188, 0.7386, 0.3937]
MDE
[1.1010, 0.9772, 1.0833, 0.4181, 1.1034]
 
model_18
Loss
[1.5635, 1.2008, 1.2517, 0.8682, 1.5227]
Accuracy
[0.6059, 0.6498, 0.6290, 0.7416, 0.5896]
MDE
[0.7623, 0.6347, 0.6324, 0.4032, 0.7382]
 
model_19
Loss
[2.0653, 1.8502, 0.8003, 2.5640, 1.5047]
Accuracy
[0.5214, 0.5202, 0.7769, 0.4304, 0.6457]
MDE
[0.8798, 0.9747, 0.3654, 0.8919, 0.7412]
 
Average Loss
[2.3084, 1.6028, 1.2261, 1.3003, 1.5126]
Average Accuracy
[0.4957, 0.5715, 0.6519, 0.6221, 0.6132]
Average MDE
[0.9156, 0.8540, 0.5900, 0.6059, 0.7363]
