model_0
Loss
[0.1955, 0.1546, 0.1511, 0.1823, 0.1767]
Accuracy
[0.9492, 0.9595, 0.9601, 0.9504, 0.9589]
MDE
[0.1002, 0.0902, 0.0689, 0.0830, 0.0812]
 
model_1
Loss
[0.1780, 0.1784, 0.1457, 0.1707, 0.1760]
Accuracy
[0.9550, 0.9548, 0.9610, 0.9528, 0.9616]
MDE
[0.0888, 0.1005, 0.0657, 0.0810, 0.0762]
 
model_2
Loss
[0.1900, 0.1906, 0.1596, 0.1897, 0.1773]
Accuracy
[0.9517, 0.9524, 0.9557, 0.9499, 0.9586]
MDE
[0.0931, 0.0966, 0.0789, 0.0851, 0.0799]
 
model_3
Loss
[0.1892, 0.1517, 0.1503, 0.1784, 0.1685]
Accuracy
[0.9511, 0.9626, 0.9604, 0.9529, 0.9629]
MDE
[0.0944, 0.0840, 0.0716, 0.0811, 0.0770]
 
model_4
Loss
[0.1945, 0.1687, 0.1502, 0.1860, 0.1677]
Accuracy
[0.9505, 0.9578, 0.9592, 0.9507, 0.9631]
MDE
[0.0959, 0.0917, 0.0729, 0.0831, 0.0752]
 
model_5
Loss
[0.1873, 0.1556, 0.1516, 0.1798, 0.1806]
Accuracy
[0.9508, 0.9601, 0.9589, 0.9518, 0.9592]
MDE
[0.0918, 0.0894, 0.0741, 0.0836, 0.0822]
 
model_6
Loss
[0.1932, 0.1828, 0.1474, 0.1809, 0.1742]
Accuracy
[0.9503, 0.9501, 0.9589, 0.9520, 0.9590]
MDE
[0.0955, 0.1017, 0.0719, 0.0807, 0.0803]
 
model_7
Loss
[0.1909, 0.1562, 0.1422, 0.1709, 0.1740]
Accuracy
[0.9503, 0.9612, 0.9605, 0.9549, 0.9592]
MDE
[0.0965, 0.0878, 0.0689, 0.0755, 0.0814]
 
model_8
Loss
[0.1902, 0.1655, 0.1371, 0.1879, 0.1804]
Accuracy
[0.9491, 0.9585, 0.9642, 0.9517, 0.9573]
MDE
[0.0971, 0.0873, 0.0662, 0.0860, 0.0831]
 
model_9
Loss
[0.1847, 0.1668, 0.1445, 0.1747, 0.1588]
Accuracy
[0.9527, 0.9589, 0.9618, 0.9547, 0.9617]
MDE
[0.0910, 0.0931, 0.0673, 0.0800, 0.0767]
 
Average Loss
[0.1893, 0.1671, 0.1480, 0.1801, 0.1734]
Average Accuracy
[0.9511, 0.9576, 0.9601, 0.9522, 0.9602]
Average MDE
[0.0944, 0.0922, 0.0706, 0.0819, 0.0793]
