model_0
Loss
[0.1525, 0.1168, 0.1199, 0.1441, 0.1125]
Accuracy
[0.9601, 0.9706, 0.9693, 0.9610, 0.9720]
MDE
[0.0782, 0.0681, 0.0510, 0.0650, 0.0497]
 
model_1
Loss
[0.1477, 0.1142, 0.1138, 0.1438, 0.1087]
Accuracy
[0.9630, 0.9713, 0.9702, 0.9598, 0.9722]
MDE
[0.0736, 0.0633, 0.0502, 0.0671, 0.0514]
 
model_2
Loss
[0.1524, 0.1251, 0.1391, 0.1488, 0.1149]
Accuracy
[0.9617, 0.9681, 0.9596, 0.9614, 0.9686]
MDE
[0.0739, 0.0688, 0.0735, 0.0652, 0.0574]
 
model_3
Loss
[0.1476, 0.1253, 0.1248, 0.1445, 0.1182]
Accuracy
[0.9623, 0.9677, 0.9659, 0.9611, 0.9732]
MDE
[0.0719, 0.0710, 0.0622, 0.0679, 0.0517]
 
model_4
Loss
[0.1520, 0.1201, 0.1187, 0.1463, 0.1135]
Accuracy
[0.9619, 0.9702, 0.9687, 0.9611, 0.9720]
MDE
[0.0742, 0.0674, 0.0539, 0.0661, 0.0530]
 
model_5
Loss
[0.1667, 0.1140, 0.1335, 0.1416, 0.1144]
Accuracy
[0.9572, 0.9701, 0.9639, 0.9634, 0.9705]
MDE
[0.0782, 0.0668, 0.0627, 0.0619, 0.0539]
 
model_6
Loss
[0.1543, 0.1088, 0.1239, 0.1507, 0.1130]
Accuracy
[0.9609, 0.9726, 0.9668, 0.9609, 0.9709]
MDE
[0.0742, 0.0621, 0.0587, 0.0659, 0.0511]
 
model_7
Loss
[0.1620, 0.1194, 0.1212, 0.1463, 0.1174]
Accuracy
[0.9579, 0.9703, 0.9696, 0.9597, 0.9693]
MDE
[0.0791, 0.0665, 0.0541, 0.0692, 0.0551]
 
model_8
Loss
[0.1535, 0.1170, 0.1181, 0.1449, 0.1136]
Accuracy
[0.9615, 0.9704, 0.9698, 0.9615, 0.9697]
MDE
[0.0740, 0.0673, 0.0509, 0.0647, 0.0571]
 
model_9
Loss
[0.1463, 0.1288, 0.1341, 0.1394, 0.1149]
Accuracy
[0.9633, 0.9688, 0.9647, 0.9639, 0.9700]
MDE
[0.0711, 0.0722, 0.0620, 0.0611, 0.0550]
 
Average Loss
[0.1535, 0.1189, 0.1247, 0.1450, 0.1141]
Average Accuracy
[0.9610, 0.9700, 0.9668, 0.9614, 0.9708]
Average MDE
[0.0748, 0.0673, 0.0579, 0.0654, 0.0536]
