model_0
Loss
[1.7650, 0.8425, 0.7532, 1.5753, 1.6140]
Accuracy
[0.6055, 0.7261, 0.7543, 0.5484, 0.5198]
MDE
[0.5177, 0.3647, 0.3586, 0.6006, 0.6561]
 
model_1
Loss
[2.4230, 0.7834, 0.4587, 0.5246, 1.3515]
Accuracy
[0.5476, 0.7435, 0.8698, 0.8257, 0.6147]
MDE
[0.6326, 0.3300, 0.1680, 0.1849, 0.4796]
 
model_2
Loss
[2.2137, 1.4467, 0.6672, 0.7433, 0.6175]
Accuracy
[0.5582, 0.5806, 0.7857, 0.7527, 0.8308]
MDE
[0.6332, 0.6062, 0.3353, 0.2995, 0.2128]
 
model_3
Loss
[1.6049, 0.8643, 1.2281, 0.7076, 1.0868]
Accuracy
[0.6510, 0.7394, 0.6543, 0.7631, 0.7192]
MDE
[0.4712, 0.3277, 0.4921, 0.2883, 0.3628]
 
model_4
Loss
[0.9976, 1.6866, 0.9758, 0.4216, 1.0700]
Accuracy
[0.7298, 0.5165, 0.7202, 0.8773, 0.6818]
MDE
[0.3925, 0.6993, 0.4197, 0.1647, 0.3734]
 
model_5
Loss
[2.4073, 0.8106, 0.4776, 0.8594, 0.9097]
Accuracy
[0.5180, 0.7194, 0.8553, 0.7261, 0.7322]
MDE
[0.6785, 0.3802, 0.1808, 0.3196, 0.3147]
 
model_6
Loss
[1.2922, 1.0872, 0.8286, 1.2738, 1.6144]
Accuracy
[0.6471, 0.6424, 0.7406, 0.5902, 0.5259]
MDE
[0.5202, 0.4879, 0.3958, 0.4856, 0.6449]
 
model_7
Loss
[1.2572, 1.8131, 0.9814, 1.6718, 1.1000]
Accuracy
[0.6939, 0.5398, 0.7267, 0.5027, 0.6792]
MDE
[0.3840, 0.5987, 0.3970, 0.5719, 0.3938]
 
model_8
Loss
[0.7955, 0.5565, 1.5854, 0.5445, 1.1345]
Accuracy
[0.7641, 0.8118, 0.6147, 0.8304, 0.6565]
MDE
[0.3133, 0.2438, 0.5107, 0.2123, 0.4524]
 
model_9
Loss
[0.7127, 0.4716, 0.4999, 1.9983, 1.2197]
Accuracy
[0.7759, 0.8514, 0.8539, 0.4814, 0.6582]
MDE
[0.3398, 0.2177, 0.1959, 0.5830, 0.4399]
 
Average Loss
[1.5469, 1.0362, 0.8456, 1.0320, 1.1718]
Average Accuracy
[0.6491, 0.6871, 0.7576, 0.6898, 0.6618]
Average MDE
[0.4883, 0.4256, 0.3454, 0.3710, 0.4330]
