model_0
Loss
[0.0435, 0.0357, 0.0277, 0.0478, 0.0387]
Accuracy
[0.9910, 0.9914, 0.9937, 0.9902, 0.9912]
MDE
[0.0201, 0.0159, 0.0128, 0.0194, 0.0142]
 
model_1
Loss
[0.0394, 0.0280, 0.0323, 0.0481, 0.0382]
Accuracy
[0.9916, 0.9935, 0.9943, 0.9902, 0.9894]
MDE
[0.0181, 0.0156, 0.0131, 0.0164, 0.0150]
 
model_2
Loss
[0.0518, 0.0343, 0.0330, 0.0610, 0.0411]
Accuracy
[0.9902, 0.9933, 0.9941, 0.9873, 0.9896]
MDE
[0.0216, 0.0185, 0.0127, 0.0224, 0.0144]
 
model_3
Loss
[0.0392, 0.0369, 0.0305, 0.0498, 0.0349]
Accuracy
[0.9920, 0.9908, 0.9947, 0.9908, 0.9902]
MDE
[0.0190, 0.0176, 0.0114, 0.0174, 0.0150]
 
model_4
Loss
[0.0472, 0.0325, 0.0337, 0.0535, 0.0346]
Accuracy
[0.9900, 0.9920, 0.9939, 0.9894, 0.9906]
MDE
[0.0204, 0.0166, 0.0132, 0.0189, 0.0128]
 
model_5
Loss
[0.0505, 0.0316, 0.0316, 0.0514, 0.0319]
Accuracy
[0.9894, 0.9939, 0.9937, 0.9900, 0.9898]
MDE
[0.0210, 0.0158, 0.0129, 0.0204, 0.0137]
 
model_6
Loss
[0.0616, 0.0442, 0.0362, 0.0717, 0.0481]
Accuracy
[0.9876, 0.9906, 0.9939, 0.9847, 0.9886]
MDE
[0.0256, 0.0198, 0.0145, 0.0256, 0.0166]
 
model_7
Loss
[0.0449, 0.0363, 0.0297, 0.0494, 0.0311]
Accuracy
[0.9912, 0.9927, 0.9961, 0.9890, 0.9916]
MDE
[0.0201, 0.0173, 0.0105, 0.0171, 0.0125]
 
model_8
Loss
[0.0421, 0.0364, 0.0264, 0.0454, 0.0347]
Accuracy
[0.9906, 0.9924, 0.9947, 0.9902, 0.9916]
MDE
[0.0212, 0.0166, 0.0118, 0.0176, 0.0133]
 
model_9
Loss
[0.0517, 0.0300, 0.0267, 0.0493, 0.0389]
Accuracy
[0.9886, 0.9929, 0.9945, 0.9904, 0.9867]
MDE
[0.0231, 0.0157, 0.0120, 0.0191, 0.0163]
 
Average Loss
[0.0472, 0.0346, 0.0308, 0.0527, 0.0372]
Average Accuracy
[0.9902, 0.9923, 0.9943, 0.9892, 0.9899]
Average MDE
[0.0210, 0.0169, 0.0125, 0.0194, 0.0144]
