model_0
Loss
[0.0744, 0.1029, 0.0528, 0.0965, 0.1009]
Accuracy
[0.9837, 0.9767, 0.9869, 0.9743, 0.9796]
MDE
[0.0254, 0.0378, 0.0184, 0.0338, 0.0302]
 
model_1
Loss
[0.0699, 0.0872, 0.0548, 0.1133, 0.0880]
Accuracy
[0.9841, 0.9800, 0.9873, 0.9716, 0.9827]
MDE
[0.0261, 0.0313, 0.0196, 0.0350, 0.0252]
 
model_2
Loss
[0.0757, 0.0751, 0.0630, 0.0942, 0.1010]
Accuracy
[0.9841, 0.9810, 0.9865, 0.9794, 0.9776]
MDE
[0.0302, 0.0333, 0.0193, 0.0378, 0.0328]
 
model_3
Loss
[0.0737, 0.0930, 0.0571, 0.1046, 0.0940]
Accuracy
[0.9847, 0.9765, 0.9880, 0.9739, 0.9802]
MDE
[0.0263, 0.0349, 0.0179, 0.0350, 0.0279]
 
model_4
Loss
[0.0736, 0.0881, 0.0535, 0.1167, 0.1056]
Accuracy
[0.9810, 0.9771, 0.9898, 0.9690, 0.9802]
MDE
[0.0261, 0.0358, 0.0202, 0.0381, 0.0264]
 
model_5
Loss
[0.0730, 0.0743, 0.0549, 0.1246, 0.0947]
Accuracy
[0.9851, 0.9831, 0.9896, 0.9671, 0.9771]
MDE
[0.0246, 0.0299, 0.0175, 0.0416, 0.0264]
 
model_6
Loss
[0.0927, 0.0776, 0.0779, 0.1123, 0.1063]
Accuracy
[0.9808, 0.9829, 0.9855, 0.9727, 0.9784]
MDE
[0.0317, 0.0315, 0.0232, 0.0415, 0.0282]
 
model_7
Loss
[0.0928, 0.0672, 0.0597, 0.1147, 0.0856]
Accuracy
[0.9800, 0.9845, 0.9865, 0.9722, 0.9816]
MDE
[0.0300, 0.0285, 0.0186, 0.0362, 0.0273]
 
model_8
Loss
[0.0790, 0.0724, 0.0583, 0.1020, 0.0896]
Accuracy
[0.9818, 0.9822, 0.9876, 0.9735, 0.9806]
MDE
[0.0271, 0.0303, 0.0170, 0.0351, 0.0281]
 
model_9
Loss
[0.0747, 0.0800, 0.0651, 0.1153, 0.1041]
Accuracy
[0.9824, 0.9808, 0.9867, 0.9708, 0.9773]
MDE
[0.0305, 0.0347, 0.0210, 0.0373, 0.0324]
 
Average Loss
[0.0780, 0.0818, 0.0597, 0.1094, 0.0970]
Average Accuracy
[0.9828, 0.9805, 0.9874, 0.9724, 0.9795]
Average MDE
[0.0278, 0.0328, 0.0193, 0.0371, 0.0285]
