model_0
Loss
[1.7685, 0.7447, 1.5739, 0.9443, 3.7647]
Accuracy
[0.5792, 0.7537, 0.5461, 0.6792, 0.3029]
MDE
[0.5943, 0.2995, 0.6540, 0.4054, 0.9869]
 
model_1
Loss
[0.7531, 1.4045, 0.5184, 0.6625, 1.3337]
Accuracy
[0.7912, 0.6031, 0.8429, 0.7900, 0.6251]
MDE
[0.2876, 0.4826, 0.2416, 0.2772, 0.4728]
 
model_2
Loss
[1.1013, 0.7728, 0.5202, 0.4813, 1.0860]
Accuracy
[0.6814, 0.7478, 0.8339, 0.8463, 0.6937]
MDE
[0.4633, 0.3149, 0.2394, 0.1893, 0.3178]
 
model_3
Loss
[1.3643, 2.5106, 1.0087, 0.8221, 2.7673]
Accuracy
[0.6188, 0.4378, 0.7069, 0.7098, 0.3673]
MDE
[0.5191, 0.7161, 0.4379, 0.3656, 0.8530]
 
model_4
Loss
[1.3033, 2.2839, 0.9652, 0.6101, 2.1556]
Accuracy
[0.6363, 0.4537, 0.6871, 0.8065, 0.4312]
MDE
[0.5431, 0.7181, 0.5126, 0.2563, 0.7541]
 
model_5
Loss
[1.5997, 0.8800, 0.6689, 1.5992, 0.7244]
Accuracy
[0.5961, 0.7282, 0.7835, 0.5106, 0.8159]
MDE
[0.6020, 0.3239, 0.2969, 0.6464, 0.2246]
 
model_6
Loss
[1.8009, 2.0336, 0.4998, 0.5494, 1.8907]
Accuracy
[0.6018, 0.4941, 0.8531, 0.8465, 0.4969]
MDE
[0.5235, 0.6173, 0.1916, 0.1916, 0.5939]
 
model_7
Loss
[1.5586, 0.4131, 0.6918, 0.4731, 0.9611]
Accuracy
[0.5873, 0.8635, 0.7894, 0.8484, 0.7061]
MDE
[0.6416, 0.1780, 0.2969, 0.2443, 0.3693]
 
model_8
Loss
[0.8653, 0.7393, 1.7530, 1.7129, 1.3581]
Accuracy
[0.7569, 0.7598, 0.5453, 0.5396, 0.6143]
MDE
[0.3669, 0.3127, 0.6640, 0.6036, 0.4965]
 
model_9
Loss
[0.8311, 1.7831, 0.7355, 0.7316, 1.2741]
Accuracy
[0.7388, 0.5204, 0.7922, 0.7624, 0.6441]
MDE
[0.3371, 0.5803, 0.3103, 0.2863, 0.4407]
 
Average Loss
[1.2946, 1.3566, 0.8935, 0.8586, 1.7316]
Average Accuracy
[0.6588, 0.6362, 0.7380, 0.7339, 0.5698]
Average MDE
[0.4878, 0.4543, 0.3845, 0.3466, 0.5510]
