model_0
Loss
[0.0861, 0.0500, 0.0571, 0.0741, 0.0853]
Accuracy
[0.9784, 0.9884, 0.9882, 0.9841, 0.9780]
MDE
[0.0332, 0.0230, 0.0190, 0.0245, 0.0313]
 
model_1
Loss
[0.0732, 0.0620, 0.0762, 0.0905, 0.0753]
Accuracy
[0.9824, 0.9831, 0.9841, 0.9794, 0.9833]
MDE
[0.0257, 0.0277, 0.0238, 0.0254, 0.0227]
 
model_2
Loss
[0.0634, 0.0500, 0.0556, 0.0726, 0.0663]
Accuracy
[0.9859, 0.9882, 0.9888, 0.9831, 0.9804]
MDE
[0.0234, 0.0227, 0.0193, 0.0222, 0.0237]
 
model_3
Loss
[0.0562, 0.0716, 0.0595, 0.0835, 0.0613]
Accuracy
[0.9884, 0.9843, 0.9880, 0.9773, 0.9845]
MDE
[0.0217, 0.0263, 0.0182, 0.0266, 0.0212]
 
model_4
Loss
[0.0704, 0.0555, 0.0688, 0.0796, 0.0787]
Accuracy
[0.9833, 0.9882, 0.9857, 0.9788, 0.9822]
MDE
[0.0224, 0.0239, 0.0230, 0.0280, 0.0230]
 
model_5
Loss
[0.0631, 0.0838, 0.0635, 0.0754, 0.0816]
Accuracy
[0.9839, 0.9806, 0.9884, 0.9829, 0.9792]
MDE
[0.0257, 0.0301, 0.0207, 0.0266, 0.0274]
 
model_6
Loss
[0.0893, 0.0713, 0.0609, 0.0661, 0.0658]
Accuracy
[0.9796, 0.9845, 0.9878, 0.9831, 0.9812]
MDE
[0.0311, 0.0261, 0.0180, 0.0227, 0.0255]
 
model_7
Loss
[0.0629, 0.0800, 0.1090, 0.0799, 0.0828]
Accuracy
[0.9859, 0.9822, 0.9784, 0.9833, 0.9802]
MDE
[0.0247, 0.0347, 0.0321, 0.0250, 0.0242]
 
model_8
Loss
[0.0781, 0.0478, 0.0533, 0.0744, 0.0588]
Accuracy
[0.9822, 0.9914, 0.9871, 0.9841, 0.9841]
MDE
[0.0256, 0.0209, 0.0184, 0.0233, 0.0198]
 
model_9
Loss
[0.0640, 0.0608, 0.0610, 0.0722, 0.0958]
Accuracy
[0.9882, 0.9865, 0.9849, 0.9843, 0.9773]
MDE
[0.0213, 0.0251, 0.0207, 0.0223, 0.0291]
 
Average Loss
[0.0707, 0.0633, 0.0665, 0.0768, 0.0752]
Average Accuracy
[0.9838, 0.9857, 0.9861, 0.9820, 0.9810]
Average MDE
[0.0255, 0.0260, 0.0213, 0.0247, 0.0248]
