model_0
Loss
[0.0333, 0.0262, 0.0276, 0.0362, 0.0303]
Accuracy
[0.9922, 0.9935, 0.9951, 0.9935, 0.9918]
MDE
[0.0170, 0.0137, 0.0112, 0.0134, 0.0135]
 
model_1
Loss
[0.0403, 0.0240, 0.0303, 0.0382, 0.0272]
Accuracy
[0.9920, 0.9941, 0.9949, 0.9908, 0.9924]
MDE
[0.0167, 0.0115, 0.0126, 0.0145, 0.0109]
 
model_2
Loss
[0.0384, 0.0346, 0.0245, 0.0358, 0.0281]
Accuracy
[0.9910, 0.9929, 0.9955, 0.9916, 0.9931]
MDE
[0.0171, 0.0138, 0.0121, 0.0146, 0.0098]
 
model_3
Loss
[0.0369, 0.0299, 0.0279, 0.0383, 0.0254]
Accuracy
[0.9916, 0.9937, 0.9957, 0.9900, 0.9935]
MDE
[0.0178, 0.0132, 0.0114, 0.0147, 0.0101]
 
model_4
Loss
[0.0437, 0.0322, 0.0288, 0.0404, 0.0299]
Accuracy
[0.9900, 0.9918, 0.9939, 0.9914, 0.9924]
MDE
[0.0170, 0.0158, 0.0126, 0.0160, 0.0113]
 
model_5
Loss
[0.0413, 0.0354, 0.0302, 0.0493, 0.0364]
Accuracy
[0.9918, 0.9918, 0.9943, 0.9892, 0.9900]
MDE
[0.0173, 0.0141, 0.0122, 0.0192, 0.0145]
 
model_6
Loss
[0.0339, 0.0336, 0.0268, 0.0362, 0.0247]
Accuracy
[0.9937, 0.9937, 0.9955, 0.9916, 0.9945]
MDE
[0.0123, 0.0123, 0.0109, 0.0142, 0.0094]
 
model_7
Loss
[0.0393, 0.0247, 0.0335, 0.0405, 0.0338]
Accuracy
[0.9924, 0.9947, 0.9931, 0.9920, 0.9912]
MDE
[0.0176, 0.0147, 0.0141, 0.0146, 0.0129]
 
model_8
Loss
[0.0372, 0.0304, 0.0317, 0.0453, 0.0272]
Accuracy
[0.9912, 0.9931, 0.9933, 0.9910, 0.9937]
MDE
[0.0166, 0.0142, 0.0122, 0.0157, 0.0102]
 
model_9
Loss
[0.0439, 0.0385, 0.0254, 0.0362, 0.0406]
Accuracy
[0.9912, 0.9924, 0.9943, 0.9929, 0.9898]
MDE
[0.0173, 0.0153, 0.0116, 0.0144, 0.0146]
 
Average Loss
[0.0388, 0.0310, 0.0287, 0.0396, 0.0304]
Average Accuracy
[0.9917, 0.9932, 0.9946, 0.9914, 0.9922]
Average MDE
[0.0167, 0.0138, 0.0121, 0.0151, 0.0117]
