model_0
Loss
[0.0407, 0.0329, 0.0507, 0.0595, 0.0398]
Accuracy
[0.9894, 0.9931, 0.9892, 0.9880, 0.9914]
MDE
[0.0210, 0.0206, 0.0239, 0.0287, 0.0179]
 
model_1
Loss
[0.0453, 0.0362, 0.0488, 0.0608, 0.0368]
Accuracy
[0.9896, 0.9924, 0.9894, 0.9894, 0.9929]
MDE
[0.0197, 0.0179, 0.0210, 0.0309, 0.0168]
 
model_2
Loss
[0.0487, 0.0319, 0.0465, 0.0648, 0.0280]
Accuracy
[0.9880, 0.9929, 0.9904, 0.9884, 0.9937]
MDE
[0.0230, 0.0196, 0.0205, 0.0296, 0.0132]
 
model_3
Loss
[0.0492, 0.0363, 0.0494, 0.0635, 0.0363]
Accuracy
[0.9890, 0.9924, 0.9882, 0.9880, 0.9910]
MDE
[0.0205, 0.0199, 0.0217, 0.0280, 0.0174]
 
model_4
Loss
[0.0501, 0.0301, 0.0518, 0.0604, 0.0380]
Accuracy
[0.9882, 0.9935, 0.9886, 0.9880, 0.9902]
MDE
[0.0228, 0.0181, 0.0237, 0.0309, 0.0184]
 
model_5
Loss
[0.0422, 0.0274, 0.0469, 0.0674, 0.0338]
Accuracy
[0.9902, 0.9939, 0.9898, 0.9867, 0.9912]
MDE
[0.0208, 0.0169, 0.0179, 0.0311, 0.0158]
 
model_6
Loss
[0.0529, 0.0361, 0.0478, 0.0552, 0.0364]
Accuracy
[0.9880, 0.9929, 0.9902, 0.9892, 0.9904]
MDE
[0.0228, 0.0204, 0.0211, 0.0286, 0.0192]
 
model_7
Loss
[0.0417, 0.0324, 0.0421, 0.0582, 0.0328]
Accuracy
[0.9900, 0.9929, 0.9916, 0.9888, 0.9916]
MDE
[0.0186, 0.0207, 0.0186, 0.0306, 0.0168]
 
model_8
Loss
[0.0367, 0.0309, 0.0439, 0.0686, 0.0315]
Accuracy
[0.9914, 0.9931, 0.9910, 0.9855, 0.9929]
MDE
[0.0203, 0.0154, 0.0167, 0.0305, 0.0143]
 
model_9
Loss
[0.0430, 0.0284, 0.0407, 0.0690, 0.0342]
Accuracy
[0.9900, 0.9931, 0.9908, 0.9857, 0.9912]
MDE
[0.0238, 0.0187, 0.0187, 0.0294, 0.0155]
 
Average Loss
[0.0450, 0.0323, 0.0468, 0.0627, 0.0348]
Average Accuracy
[0.9894, 0.9930, 0.9899, 0.9878, 0.9917]
Average MDE
[0.0213, 0.0188, 0.0204, 0.0298, 0.0165]
