model_0
Loss
[2.4006, 1.1874, 0.7491, 0.9768, 1.6482]
Accuracy
[0.5155, 0.6396, 0.7718, 0.6935, 0.5567]
MDE
[0.7599, 0.5929, 0.3426, 0.4291, 0.5774]
 
model_1
Loss
[0.9238, 1.0216, 1.6496, 0.9897, 1.1441]
Accuracy
[0.7398, 0.6622, 0.5433, 0.6798, 0.6627]
MDE
[0.4187, 0.5727, 0.6809, 0.4537, 0.4115]
 
model_2
Loss
[1.5087, 1.3377, 0.8250, 1.5061, 1.7734]
Accuracy
[0.6400, 0.6351, 0.7808, 0.5553, 0.5478]
MDE
[0.5561, 0.5277, 0.3298, 0.6239, 0.6087]
 
model_3
Loss
[0.9715, 0.5393, 0.4485, 0.6830, 0.7191]
Accuracy
[0.7245, 0.8306, 0.8692, 0.7916, 0.8335]
MDE
[0.4075, 0.2476, 0.1733, 0.2860, 0.2486]
 
model_4
Loss
[0.8810, 1.2725, 1.0781, 1.3240, 1.5656]
Accuracy
[0.7451, 0.6080, 0.6671, 0.5496, 0.6124]
MDE
[0.4190, 0.6013, 0.4716, 0.6079, 0.5352]
 
model_5
Loss
[1.6553, 3.3441, 1.2516, 1.3196, 0.8858]
Accuracy
[0.6139, 0.3635, 0.6547, 0.6169, 0.7618]
MDE
[0.5687, 0.9149, 0.5076, 0.5452, 0.3372]
 
model_6
Loss
[2.0264, 0.8890, 0.5787, 0.6594, 1.6992]
Accuracy
[0.5484, 0.7178, 0.8308, 0.7941, 0.5310]
MDE
[0.7356, 0.4016, 0.2300, 0.2797, 0.6690]
 
model_7
Loss
[2.4952, 0.6287, 0.4854, 0.7195, 1.1454]
Accuracy
[0.5057, 0.7916, 0.8631, 0.7755, 0.6755]
MDE
[0.8242, 0.2776, 0.2044, 0.3310, 0.4184]
 
model_8
Loss
[2.1486, 1.5487, 2.2932, 1.9220, 0.8005]
Accuracy
[0.5198, 0.5788, 0.5043, 0.5210, 0.7792]
MDE
[0.8544, 0.6850, 0.7753, 0.6878, 0.3133]
 
model_9
Loss
[1.4261, 1.3855, 0.9755, 0.5600, 0.8482]
Accuracy
[0.6622, 0.6071, 0.7114, 0.8482, 0.7694]
MDE
[0.4960, 0.6075, 0.4788, 0.2115, 0.3077]
 
Average Loss
[1.6437, 1.3154, 1.0335, 1.0660, 1.2230]
Average Accuracy
[0.6215, 0.6434, 0.7197, 0.6826, 0.6730]
Average MDE
[0.6040, 0.5429, 0.4194, 0.4456, 0.4427]
