model_0
Loss
[0.0984, 0.0679, 0.0730, 0.1182, 0.0993]
Accuracy
[0.9741, 0.9839, 0.9845, 0.9673, 0.9794]
MDE
[0.0463, 0.0334, 0.0311, 0.0561, 0.0321]
 
model_1
Loss
[0.0863, 0.0726, 0.0703, 0.1184, 0.1023]
Accuracy
[0.9790, 0.9837, 0.9871, 0.9673, 0.9778]
MDE
[0.0365, 0.0316, 0.0265, 0.0537, 0.0344]
 
model_2
Loss
[0.0835, 0.0760, 0.0922, 0.1206, 0.0875]
Accuracy
[0.9806, 0.9814, 0.9794, 0.9690, 0.9806]
MDE
[0.0371, 0.0330, 0.0347, 0.0519, 0.0313]
 
model_3
Loss
[0.1045, 0.0875, 0.0994, 0.1631, 0.0838]
Accuracy
[0.9737, 0.9788, 0.9796, 0.9604, 0.9824]
MDE
[0.0482, 0.0339, 0.0360, 0.0624, 0.0286]
 
model_4
Loss
[0.0851, 0.0619, 0.0778, 0.1334, 0.0952]
Accuracy
[0.9796, 0.9849, 0.9839, 0.9657, 0.9771]
MDE
[0.0365, 0.0289, 0.0289, 0.0557, 0.0331]
 
model_5
Loss
[0.0871, 0.0965, 0.0820, 0.1419, 0.1005]
Accuracy
[0.9804, 0.9745, 0.9824, 0.9629, 0.9776]
MDE
[0.0385, 0.0345, 0.0292, 0.0590, 0.0305]
 
model_6
Loss
[0.0851, 0.0702, 0.0944, 0.1147, 0.1025]
Accuracy
[0.9778, 0.9822, 0.9818, 0.9676, 0.9786]
MDE
[0.0346, 0.0304, 0.0308, 0.0460, 0.0366]
 
model_7
Loss
[0.0885, 0.0772, 0.0726, 0.1336, 0.0793]
Accuracy
[0.9788, 0.9855, 0.9865, 0.9673, 0.9806]
MDE
[0.0373, 0.0279, 0.0239, 0.0564, 0.0285]
 
model_8
Loss
[0.1016, 0.0872, 0.0668, 0.1324, 0.1050]
Accuracy
[0.9759, 0.9806, 0.9876, 0.9641, 0.9767]
MDE
[0.0417, 0.0330, 0.0255, 0.0579, 0.0302]
 
model_9
Loss
[0.0759, 0.0608, 0.0889, 0.1227, 0.0795]
Accuracy
[0.9806, 0.9853, 0.9808, 0.9753, 0.9820]
MDE
[0.0384, 0.0313, 0.0342, 0.0439, 0.0293]
 
Average Loss
[0.0896, 0.0758, 0.0817, 0.1299, 0.0935]
Average Accuracy
[0.9780, 0.9821, 0.9834, 0.9667, 0.9793]
Average MDE
[0.0395, 0.0318, 0.0301, 0.0543, 0.0314]
