model_0
Loss
[0.0446, 0.0486, 0.0456, 0.0422, 0.0475]
Accuracy
[0.9910, 0.9890, 0.9898, 0.9892, 0.9890]
MDE
[0.0157, 0.0164, 0.0142, 0.0181, 0.0204]
 
model_1
Loss
[0.0581, 0.0427, 0.0499, 0.0510, 0.0411]
Accuracy
[0.9876, 0.9906, 0.9894, 0.9882, 0.9906]
MDE
[0.0220, 0.0150, 0.0158, 0.0204, 0.0173]
 
model_2
Loss
[0.0681, 0.0452, 0.0473, 0.0556, 0.0450]
Accuracy
[0.9843, 0.9876, 0.9898, 0.9882, 0.9888]
MDE
[0.0267, 0.0175, 0.0152, 0.0174, 0.0213]
 
model_3
Loss
[0.0481, 0.0431, 0.0524, 0.0451, 0.0350]
Accuracy
[0.9890, 0.9894, 0.9886, 0.9910, 0.9924]
MDE
[0.0190, 0.0147, 0.0207, 0.0137, 0.0140]
 
model_4
Loss
[0.0485, 0.0438, 0.0531, 0.0534, 0.0389]
Accuracy
[0.9902, 0.9894, 0.9886, 0.9888, 0.9912]
MDE
[0.0172, 0.0154, 0.0186, 0.0170, 0.0147]
 
model_5
Loss
[0.0500, 0.0367, 0.0450, 0.0460, 0.0447]
Accuracy
[0.9898, 0.9920, 0.9902, 0.9900, 0.9894]
MDE
[0.0183, 0.0120, 0.0159, 0.0140, 0.0178]
 
model_6
Loss
[0.0469, 0.0573, 0.0639, 0.0619, 0.0463]
Accuracy
[0.9894, 0.9886, 0.9892, 0.9888, 0.9908]
MDE
[0.0180, 0.0166, 0.0169, 0.0182, 0.0172]
 
model_7
Loss
[0.0591, 0.0420, 0.0465, 0.0479, 0.0423]
Accuracy
[0.9863, 0.9904, 0.9898, 0.9900, 0.9896]
MDE
[0.0224, 0.0125, 0.0163, 0.0159, 0.0192]
 
model_8
Loss
[0.0640, 0.0390, 0.0421, 0.0520, 0.0435]
Accuracy
[0.9861, 0.9920, 0.9888, 0.9882, 0.9882]
MDE
[0.0228, 0.0118, 0.0153, 0.0175, 0.0198]
 
model_9
Loss
[0.0491, 0.0531, 0.0465, 0.0490, 0.0517]
Accuracy
[0.9884, 0.9873, 0.9910, 0.9906, 0.9890]
MDE
[0.0210, 0.0197, 0.0140, 0.0173, 0.0216]
 
Average Loss
[0.0537, 0.0451, 0.0492, 0.0504, 0.0436]
Average Accuracy
[0.9882, 0.9896, 0.9895, 0.9893, 0.9899]
Average MDE
[0.0203, 0.0152, 0.0163, 0.0169, 0.0183]
