model_0
Loss
[0.0892, 0.0927, 0.0786, 0.0887, 0.0829]
Accuracy
[0.9794, 0.9761, 0.9808, 0.9822, 0.9806]
MDE
[0.0356, 0.0351, 0.0289, 0.0303, 0.0317]
 
model_1
Loss
[0.0885, 0.1010, 0.0781, 0.0984, 0.0776]
Accuracy
[0.9802, 0.9763, 0.9839, 0.9763, 0.9822]
MDE
[0.0353, 0.0319, 0.0254, 0.0393, 0.0297]
 
model_2
Loss
[0.0981, 0.0939, 0.0904, 0.0998, 0.0928]
Accuracy
[0.9773, 0.9753, 0.9767, 0.9763, 0.9812]
MDE
[0.0395, 0.0324, 0.0342, 0.0365, 0.0301]
 
model_3
Loss
[0.0999, 0.0828, 0.0924, 0.0846, 0.0857]
Accuracy
[0.9796, 0.9800, 0.9802, 0.9812, 0.9802]
MDE
[0.0372, 0.0250, 0.0301, 0.0286, 0.0325]
 
model_4
Loss
[0.0812, 0.1023, 0.0881, 0.1182, 0.0818]
Accuracy
[0.9847, 0.9780, 0.9812, 0.9735, 0.9814]
MDE
[0.0259, 0.0309, 0.0274, 0.0421, 0.0303]
 
model_5
Loss
[0.0931, 0.0935, 0.0994, 0.0924, 0.0901]
Accuracy
[0.9771, 0.9788, 0.9802, 0.9820, 0.9810]
MDE
[0.0424, 0.0306, 0.0288, 0.0278, 0.0298]
 
model_6
Loss
[0.0859, 0.1136, 0.0883, 0.0944, 0.0736]
Accuracy
[0.9808, 0.9729, 0.9784, 0.9802, 0.9835]
MDE
[0.0322, 0.0375, 0.0348, 0.0321, 0.0246]
 
model_7
Loss
[0.1207, 0.1074, 0.1034, 0.1228, 0.0879]
Accuracy
[0.9724, 0.9749, 0.9788, 0.9698, 0.9806]
MDE
[0.0477, 0.0376, 0.0316, 0.0407, 0.0335]
 
model_8
Loss
[0.1090, 0.0898, 0.0921, 0.0995, 0.0753]
Accuracy
[0.9778, 0.9790, 0.9802, 0.9790, 0.9806]
MDE
[0.0363, 0.0327, 0.0301, 0.0337, 0.0302]
 
model_9
Loss
[0.0801, 0.1011, 0.0996, 0.0975, 0.0929]
Accuracy
[0.9822, 0.9776, 0.9790, 0.9776, 0.9792]
MDE
[0.0301, 0.0335, 0.0337, 0.0347, 0.0288]
 
Average Loss
[0.0946, 0.0978, 0.0910, 0.0996, 0.0840]
Average Accuracy
[0.9792, 0.9769, 0.9799, 0.9778, 0.9811]
Average MDE
[0.0362, 0.0327, 0.0305, 0.0346, 0.0301]
