model_0
Loss
[2.7897, 1.4689, 0.6226, 0.7177, 1.2957]
Accuracy
[0.4582, 0.6067, 0.8155, 0.7865, 0.5967]
MDE
[0.9045, 0.6082, 0.2911, 0.2659, 0.5759]
 
model_1
Loss
[2.6546, 3.0474, 1.4071, 1.0893, 1.5591]
Accuracy
[0.4867, 0.3680, 0.6261, 0.6753, 0.5339]
MDE
[0.8245, 1.0339, 0.5894, 0.4509, 0.6937]
 
model_2
Loss
[2.5878, 1.2615, 0.7340, 1.3849, 1.0032]
Accuracy
[0.4653, 0.6320, 0.7890, 0.6100, 0.6710]
MDE
[0.9071, 0.5153, 0.3310, 0.5822, 0.4713]
 
model_3
Loss
[1.6979, 1.8066, 2.0077, 1.0195, 1.4090]
Accuracy
[0.5867, 0.5155, 0.5159, 0.6867, 0.5824]
MDE
[0.6933, 0.7225, 0.7205, 0.4175, 0.6287]
 
model_4
Loss
[1.2064, 2.3483, 1.2996, 1.2823, 1.0775]
Accuracy
[0.6620, 0.4624, 0.6167, 0.5869, 0.6480]
MDE
[0.5093, 0.8396, 0.5795, 0.5626, 0.4677]
 
model_5
Loss
[1.8291, 3.5860, 0.9281, 0.9049, 1.4548]
Accuracy
[0.5880, 0.3829, 0.7112, 0.7329, 0.6588]
MDE
[0.5941, 0.9416, 0.4068, 0.3892, 0.4511]
 
model_6
Loss
[1.8626, 0.9658, 0.9136, 0.7066, 0.8994]
Accuracy
[0.5949, 0.6978, 0.6771, 0.7837, 0.7408]
MDE
[0.6631, 0.3606, 0.5297, 0.3007, 0.3629]
 
model_7
Loss
[2.1944, 1.6379, 2.7990, 1.1816, 3.0181]
Accuracy
[0.5263, 0.6182, 0.4361, 0.6657, 0.3851]
MDE
[0.7589, 0.5465, 0.8306, 0.4756, 0.8288]
 
model_8
Loss
[1.6258, 1.8298, 0.7132, 0.8787, 1.7503]
Accuracy
[0.6157, 0.5465, 0.8086, 0.7343, 0.5335]
MDE
[0.5845, 0.6375, 0.2902, 0.3703, 0.6487]
 
model_9
Loss
[1.6580, 2.3481, 1.7621, 1.0396, 1.2167]
Accuracy
[0.6324, 0.5161, 0.5767, 0.6961, 0.6902]
MDE
[0.5546, 0.7338, 0.6453, 0.4028, 0.4220]
 
Average Loss
[2.0106, 2.0300, 1.3187, 1.0205, 1.4684]
Average Accuracy
[0.5616, 0.5346, 0.6573, 0.6958, 0.6040]
Average MDE
[0.6994, 0.6940, 0.5214, 0.4218, 0.5551]
