model_0
Loss
[0.2210, 0.2141, 0.1719, 0.1837, 0.1190]
Accuracy
[0.9410, 0.9446, 0.9535, 0.9510, 0.9705]
MDE
[0.0849, 0.0858, 0.0596, 0.0616, 0.0423]
 
model_1
Loss
[0.1725, 0.1780, 0.1887, 0.1504, 0.1093]
Accuracy
[0.9586, 0.9589, 0.9493, 0.9561, 0.9704]
MDE
[0.0658, 0.0653, 0.0576, 0.0532, 0.0399]
 
model_2
Loss
[0.1940, 0.2249, 0.1504, 0.1669, 0.1608]
Accuracy
[0.9559, 0.9405, 0.9579, 0.9593, 0.9617]
MDE
[0.0718, 0.0941, 0.0497, 0.0494, 0.0523]
 
model_3
Loss
[0.2316, 0.1646, 0.2097, 0.1944, 0.1595]
Accuracy
[0.9412, 0.9590, 0.9449, 0.9497, 0.9606]
MDE
[0.0854, 0.0692, 0.0710, 0.0605, 0.0619]
 
model_4
Loss
[0.1747, 0.1887, 0.1932, 0.1812, 0.1429]
Accuracy
[0.9632, 0.9464, 0.9524, 0.9527, 0.9664]
MDE
[0.0563, 0.0750, 0.0572, 0.0588, 0.0413]
 
model_5
Loss
[0.1761, 0.2127, 0.2231, 0.1596, 0.1609]
Accuracy
[0.9586, 0.9428, 0.9364, 0.9566, 0.9641]
MDE
[0.0646, 0.0884, 0.0747, 0.0554, 0.0467]
 
model_6
Loss
[0.2074, 0.2197, 0.1446, 0.2023, 0.1487]
Accuracy
[0.9444, 0.9510, 0.9602, 0.9450, 0.9650]
MDE
[0.0744, 0.0833, 0.0449, 0.0702, 0.0429]
 
model_7
Loss
[0.1659, 0.2204, 0.1837, 0.1487, 0.1284]
Accuracy
[0.9629, 0.9454, 0.9526, 0.9621, 0.9720]
MDE
[0.0518, 0.0908, 0.0628, 0.0469, 0.0366]
 
model_8
Loss
[0.1993, 0.1838, 0.1598, 0.1775, 0.1494]
Accuracy
[0.9547, 0.9545, 0.9604, 0.9539, 0.9651]
MDE
[0.0709, 0.0793, 0.0503, 0.0594, 0.0469]
 
model_9
Loss
[0.2209, 0.1888, 0.1957, 0.1606, 0.1447]
Accuracy
[0.9458, 0.9481, 0.9531, 0.9559, 0.9688]
MDE
[0.0727, 0.0843, 0.0600, 0.0541, 0.0422]
 
Average Loss
[0.1963, 0.1996, 0.1821, 0.1725, 0.1424]
Average Accuracy
[0.9526, 0.9491, 0.9521, 0.9542, 0.9665]
Average MDE
[0.0699, 0.0816, 0.0588, 0.0569, 0.0453]
