model_0
Loss
[0.2800, 0.2912, 0.3686, 0.2857, 0.1679]
Accuracy
[0.9239, 0.9210, 0.9012, 0.9250, 0.9565]
MDE
[0.1842, 0.1799, 0.2129, 0.1528, 0.0848]
 
model_1
Loss
[0.2843, 0.3149, 0.3260, 0.3400, 0.1713]
Accuracy
[0.9253, 0.9148, 0.9135, 0.9069, 0.9577]
MDE
[0.1826, 0.1876, 0.1946, 0.1875, 0.0810]
 
model_2
Loss
[0.2963, 0.2856, 0.3569, 0.3548, 0.1880]
Accuracy
[0.9191, 0.9223, 0.9101, 0.9096, 0.9551]
MDE
[0.1975, 0.1719, 0.2034, 0.1987, 0.0894]
 
model_3
Loss
[0.2808, 0.2898, 0.3681, 0.2824, 0.1575]
Accuracy
[0.9240, 0.9266, 0.9035, 0.9247, 0.9610]
MDE
[0.1925, 0.1636, 0.2109, 0.1523, 0.0768]
 
model_4
Loss
[0.2714, 0.2859, 0.3282, 0.2897, 0.1848]
Accuracy
[0.9242, 0.9265, 0.9103, 0.9257, 0.9509]
MDE
[0.1862, 0.1726, 0.1913, 0.1561, 0.0939]
 
model_5
Loss
[0.2756, 0.3026, 0.3258, 0.3050, 0.1754]
Accuracy
[0.9220, 0.9218, 0.9131, 0.9211, 0.9558]
MDE
[0.1847, 0.1740, 0.1875, 0.1602, 0.0856]
 
model_6
Loss
[0.2786, 0.2833, 0.3208, 0.2869, 0.1726]
Accuracy
[0.9235, 0.9243, 0.9155, 0.9257, 0.9567]
MDE
[0.1798, 0.1743, 0.1818, 0.1514, 0.0870]
 
model_7
Loss
[0.3360, 0.3149, 0.3797, 0.3495, 0.1783]
Accuracy
[0.9096, 0.9164, 0.9002, 0.9118, 0.9568]
MDE
[0.2144, 0.1927, 0.2205, 0.1876, 0.0830]
 
model_8
Loss
[0.3069, 0.3036, 0.3583, 0.2897, 0.1890]
Accuracy
[0.9146, 0.9220, 0.9051, 0.9263, 0.9544]
MDE
[0.2049, 0.1724, 0.2152, 0.1533, 0.0904]
 
model_9
Loss
[0.3069, 0.3209, 0.3066, 0.3324, 0.1810]
Accuracy
[0.9226, 0.9179, 0.9138, 0.9155, 0.9563]
MDE
[0.1856, 0.1874, 0.1836, 0.1647, 0.0846]
 
Average Loss
[0.2917, 0.2993, 0.3439, 0.3116, 0.1766]
Average Accuracy
[0.9209, 0.9214, 0.9086, 0.9192, 0.9561]
Average MDE
[0.1912, 0.1776, 0.2002, 0.1665, 0.0856]
