model_0
Loss
[0.2245, 0.2412, 0.2766, 0.2571, 0.1530]
Accuracy
[0.9391, 0.9355, 0.9242, 0.9283, 0.9601]
MDE
[0.1487, 0.1482, 0.1671, 0.1503, 0.0770]
 
model_1
Loss
[0.2131, 0.2477, 0.3218, 0.3218, 0.1849]
Accuracy
[0.9435, 0.9327, 0.9163, 0.9174, 0.9559]
MDE
[0.1352, 0.1564, 0.1887, 0.1722, 0.0843]
 
model_2
Loss
[0.2380, 0.2483, 0.2992, 0.3232, 0.1677]
Accuracy
[0.9408, 0.9330, 0.9185, 0.9193, 0.9586]
MDE
[0.1484, 0.1521, 0.1828, 0.1685, 0.0816]
 
model_3
Loss
[0.2192, 0.2110, 0.2770, 0.2846, 0.1607]
Accuracy
[0.9399, 0.9404, 0.9275, 0.9213, 0.9583]
MDE
[0.1469, 0.1407, 0.1542, 0.1717, 0.0764]
 
model_4
Loss
[0.2327, 0.2377, 0.2661, 0.2878, 0.1735]
Accuracy
[0.9414, 0.9368, 0.9281, 0.9237, 0.9573]
MDE
[0.1413, 0.1503, 0.1528, 0.1596, 0.0841]
 
model_5
Loss
[0.2312, 0.2196, 0.2736, 0.2987, 0.1620]
Accuracy
[0.9403, 0.9407, 0.9252, 0.9272, 0.9572]
MDE
[0.1401, 0.1375, 0.1627, 0.1510, 0.0803]
 
model_6
Loss
[0.2187, 0.2182, 0.2843, 0.3041, 0.1672]
Accuracy
[0.9427, 0.9367, 0.9248, 0.9193, 0.9585]
MDE
[0.1431, 0.1421, 0.1634, 0.1721, 0.0771]
 
model_7
Loss
[0.2509, 0.2409, 0.2888, 0.3172, 0.1940]
Accuracy
[0.9369, 0.9337, 0.9220, 0.9254, 0.9522]
MDE
[0.1525, 0.1547, 0.1702, 0.1594, 0.0924]
 
model_8
Loss
[0.2186, 0.2361, 0.3167, 0.2669, 0.1570]
Accuracy
[0.9430, 0.9387, 0.9153, 0.9310, 0.9588]
MDE
[0.1367, 0.1389, 0.1861, 0.1471, 0.0822]
 
model_9
Loss
[0.2610, 0.2308, 0.2724, 0.2953, 0.1669]
Accuracy
[0.9347, 0.9363, 0.9262, 0.9237, 0.9598]
MDE
[0.1591, 0.1470, 0.1586, 0.1560, 0.0697]
 
Average Loss
[0.2308, 0.2332, 0.2876, 0.2957, 0.1687]
Average Accuracy
[0.9402, 0.9364, 0.9228, 0.9237, 0.9577]
Average MDE
[0.1452, 0.1468, 0.1687, 0.1608, 0.0805]
