model_0
Loss
[0.2011, 0.1776, 0.2336, 0.2282, 0.1391]
Accuracy
[0.9469, 0.9512, 0.9364, 0.9351, 0.9653]
MDE
[0.1301, 0.1157, 0.1431, 0.1379, 0.0660]
 
model_1
Loss
[0.1886, 0.2005, 0.2353, 0.3189, 0.1515]
Accuracy
[0.9491, 0.9448, 0.9360, 0.9229, 0.9630]
MDE
[0.1234, 0.1287, 0.1390, 0.1686, 0.0692]
 
model_2
Loss
[0.2306, 0.2426, 0.2535, 0.2733, 0.1825]
Accuracy
[0.9398, 0.9397, 0.9308, 0.9307, 0.9604]
MDE
[0.1481, 0.1360, 0.1495, 0.1458, 0.0776]
 
model_3
Loss
[0.2098, 0.1899, 0.2528, 0.2564, 0.1461]
Accuracy
[0.9445, 0.9505, 0.9328, 0.9295, 0.9639]
MDE
[0.1395, 0.1137, 0.1428, 0.1515, 0.0640]
 
model_4
Loss
[0.2008, 0.1865, 0.2263, 0.2228, 0.1790]
Accuracy
[0.9469, 0.9494, 0.9365, 0.9395, 0.9588]
MDE
[0.1346, 0.1185, 0.1371, 0.1264, 0.0766]
 
model_5
Loss
[0.1974, 0.2005, 0.2425, 0.2597, 0.1406]
Accuracy
[0.9458, 0.9482, 0.9371, 0.9300, 0.9652]
MDE
[0.1370, 0.1152, 0.1411, 0.1451, 0.0634]
 
model_6
Loss
[0.2092, 0.1956, 0.2307, 0.2676, 0.1441]
Accuracy
[0.9442, 0.9470, 0.9368, 0.9312, 0.9638]
MDE
[0.1386, 0.1187, 0.1381, 0.1470, 0.0683]
 
model_7
Loss
[0.2264, 0.2147, 0.2613, 0.3238, 0.1778]
Accuracy
[0.9420, 0.9419, 0.9302, 0.9230, 0.9572]
MDE
[0.1441, 0.1410, 0.1523, 0.1687, 0.0825]
 
model_8
Loss
[0.1845, 0.1992, 0.2370, 0.2935, 0.1297]
Accuracy
[0.9494, 0.9474, 0.9342, 0.9285, 0.9672]
MDE
[0.1248, 0.1229, 0.1468, 0.1570, 0.0636]
 
model_9
Loss
[0.2035, 0.1974, 0.2552, 0.3114, 0.1578]
Accuracy
[0.9451, 0.9444, 0.9301, 0.9209, 0.9639]
MDE
[0.1375, 0.1225, 0.1529, 0.1655, 0.0649]
 
Average Loss
[0.2052, 0.2004, 0.2428, 0.2756, 0.1548]
Average Accuracy
[0.9454, 0.9464, 0.9341, 0.9291, 0.9629]
Average MDE
[0.1358, 0.1233, 0.1443, 0.1513, 0.0696]
