model_0
Loss
[0.2828, 0.3280, 0.3411, 0.2898, 0.1363]
Accuracy
[0.9247, 0.9188, 0.9092, 0.9239, 0.9665]
MDE
[0.1925, 0.1889, 0.1915, 0.1700, 0.0661]
 
model_1
Loss
[0.2318, 0.3511, 0.3397, 0.3072, 0.1479]
Accuracy
[0.9357, 0.9098, 0.9055, 0.9190, 0.9616]
MDE
[0.1575, 0.1930, 0.1904, 0.1688, 0.0775]
 
model_2
Loss
[0.2565, 0.2971, 0.3271, 0.2691, 0.1404]
Accuracy
[0.9316, 0.9237, 0.9122, 0.9267, 0.9627]
MDE
[0.1763, 0.1843, 0.1809, 0.1519, 0.0745]
 
model_3
Loss
[0.2442, 0.2641, 0.2975, 0.2720, 0.1398]
Accuracy
[0.9316, 0.9267, 0.9171, 0.9294, 0.9637]
MDE
[0.1690, 0.1687, 0.1696, 0.1433, 0.0725]
 
model_4
Loss
[0.2557, 0.3124, 0.3156, 0.3044, 0.1404]
Accuracy
[0.9318, 0.9139, 0.9173, 0.9216, 0.9633]
MDE
[0.1676, 0.2049, 0.1723, 0.1631, 0.0666]
 
model_5
Loss
[0.2750, 0.2860, 0.2858, 0.2711, 0.1386]
Accuracy
[0.9276, 0.9224, 0.9198, 0.9302, 0.9649]
MDE
[0.1824, 0.1842, 0.1670, 0.1557, 0.0723]
 
model_6
Loss
[0.2707, 0.2802, 0.3027, 0.2827, 0.1393]
Accuracy
[0.9243, 0.9220, 0.9202, 0.9269, 0.9645]
MDE
[0.1859, 0.1911, 0.1724, 0.1751, 0.0699]
 
model_7
Loss
[0.2762, 0.2510, 0.3213, 0.2811, 0.1588]
Accuracy
[0.9265, 0.9306, 0.9122, 0.9231, 0.9598]
MDE
[0.1858, 0.1592, 0.1712, 0.1547, 0.0757]
 
model_8
Loss
[0.2412, 0.3303, 0.3062, 0.3198, 0.1568]
Accuracy
[0.9310, 0.9169, 0.9139, 0.9106, 0.9627]
MDE
[0.1686, 0.1889, 0.1760, 0.1957, 0.0756]
 
model_9
Loss
[0.3211, 0.3034, 0.2772, 0.2859, 0.1349]
Accuracy
[0.9137, 0.9173, 0.9210, 0.9259, 0.9663]
MDE
[0.2018, 0.1933, 0.1572, 0.1645, 0.0670]
 
Average Loss
[0.2655, 0.3004, 0.3114, 0.2883, 0.1433]
Average Accuracy
[0.9279, 0.9202, 0.9149, 0.9237, 0.9636]
Average MDE
[0.1787, 0.1856, 0.1748, 0.1643, 0.0718]
