model_0
Loss
[2.2403, 1.3702, 1.0826, 1.1643, 0.9366]
Accuracy
[0.4361, 0.6686, 0.6759, 0.6824, 0.7241]
MDE
[1.2861, 0.7132, 0.6188, 0.6095, 0.4861]
 
model_1
Loss
[3.6832, 3.2374, 1.7781, 1.4688, 1.4370]
Accuracy
[0.3122, 0.3327, 0.5288, 0.6094, 0.5465]
MDE
[1.4632, 1.3775, 0.9357, 0.7870, 0.8470]
 
model_2
Loss
[2.3835, 3.2607, 1.2423, 2.1768, 1.2038]
Accuracy
[0.4749, 0.3467, 0.6724, 0.4602, 0.6147]
MDE
[1.1802, 1.4051, 0.6496, 1.0317, 0.7799]
 
model_3
Loss
[2.8997, 2.7082, 1.3645, 2.1262, 1.1965]
Accuracy
[0.3953, 0.3880, 0.5908, 0.4584, 0.6453]
MDE
[1.3314, 1.3177, 0.8582, 1.0767, 0.6704]
 
model_4
Loss
[1.8103, 2.3170, 0.9770, 1.9306, 1.3418]
Accuracy
[0.5678, 0.4502, 0.7018, 0.4751, 0.5745]
MDE
[0.9960, 1.1544, 0.5698, 0.9902, 0.7861]
 
model_5
Loss
[2.6198, 2.8131, 1.5174, 1.6745, 1.2781]
Accuracy
[0.4263, 0.3918, 0.5616, 0.5490, 0.6055]
MDE
[1.3160, 1.3197, 0.8436, 0.8851, 0.6724]
 
model_6
Loss
[2.6559, 3.3248, 2.2057, 2.2884, 2.8181]
Accuracy
[0.4420, 0.3184, 0.4343, 0.4527, 0.3139]
MDE
[1.2474, 1.4479, 1.0739, 1.0634, 1.3607]
 
model_7
Loss
[2.2941, 1.7824, 1.5638, 1.5118, 1.5124]
Accuracy
[0.4933, 0.5794, 0.5486, 0.5576, 0.5680]
MDE
[1.1485, 0.8513, 0.8645, 0.8910, 0.7608]
 
model_8
Loss
[2.7237, 1.8519, 2.6448, 2.1389, 1.0393]
Accuracy
[0.4182, 0.5186, 0.3747, 0.4520, 0.6976]
MDE
[1.2754, 1.0173, 1.2117, 1.0435, 0.5350]
 
model_9
Loss
[1.6540, 2.9036, 1.7155, 2.0536, 1.3375]
Accuracy
[0.6286, 0.4118, 0.5541, 0.4594, 0.6145]
MDE
[0.9053, 1.3090, 0.8389, 1.0863, 0.7125]
 
Average Loss
[2.4964, 2.5569, 1.6092, 1.8534, 1.4101]
Average Accuracy
[0.4595, 0.4406, 0.5643, 0.5156, 0.5904]
Average MDE
[1.2149, 1.1913, 0.8465, 0.9464, 0.7611]
