model_0
Loss
[0.1363, 0.1522, 0.1688, 0.1871, 0.0914]
Accuracy
[0.9604, 0.9576, 0.9510, 0.9514, 0.9749]
MDE
[0.1069, 0.1066, 0.0983, 0.1003, 0.0441]
 
model_1
Loss
[0.1476, 0.1677, 0.1586, 0.1618, 0.1080]
Accuracy
[0.9600, 0.9533, 0.9539, 0.9563, 0.9731]
MDE
[0.1000, 0.1131, 0.0914, 0.0855, 0.0518]
 
model_2
Loss
[0.1473, 0.1388, 0.1716, 0.1662, 0.0949]
Accuracy
[0.9604, 0.9571, 0.9492, 0.9547, 0.9761]
MDE
[0.1072, 0.1070, 0.1043, 0.0963, 0.0458]
 
model_3
Loss
[0.1468, 0.1509, 0.1838, 0.1523, 0.0909]
Accuracy
[0.9598, 0.9578, 0.9467, 0.9588, 0.9767]
MDE
[0.1067, 0.1023, 0.1076, 0.0822, 0.0437]
 
model_4
Loss
[0.1490, 0.1401, 0.1782, 0.1619, 0.0945]
Accuracy
[0.9586, 0.9588, 0.9516, 0.9543, 0.9745]
MDE
[0.1133, 0.0994, 0.0935, 0.0941, 0.0477]
 
model_5
Loss
[0.1419, 0.1542, 0.1975, 0.1793, 0.1002]
Accuracy
[0.9610, 0.9565, 0.9435, 0.9496, 0.9751]
MDE
[0.0994, 0.1025, 0.1128, 0.1091, 0.0464]
 
model_6
Loss
[0.1601, 0.1373, 0.1726, 0.1562, 0.0911]
Accuracy
[0.9578, 0.9598, 0.9498, 0.9547, 0.9759]
MDE
[0.1038, 0.0926, 0.1043, 0.0921, 0.0447]
 
model_7
Loss
[0.1581, 0.1391, 0.1666, 0.1728, 0.0883]
Accuracy
[0.9576, 0.9594, 0.9494, 0.9500, 0.9761]
MDE
[0.1052, 0.0964, 0.1021, 0.1065, 0.0436]
 
model_8
Loss
[0.1409, 0.1440, 0.1719, 0.1674, 0.0975]
Accuracy
[0.9608, 0.9592, 0.9500, 0.9533, 0.9753]
MDE
[0.1028, 0.0930, 0.1030, 0.0980, 0.0478]
 
model_9
Loss
[0.1385, 0.1370, 0.1627, 0.1689, 0.0905]
Accuracy
[0.9637, 0.9596, 0.9541, 0.9545, 0.9757]
MDE
[0.0996, 0.0997, 0.0965, 0.0947, 0.0453]
 
Average Loss
[0.1467, 0.1461, 0.1732, 0.1674, 0.0947]
Average Accuracy
[0.9600, 0.9579, 0.9499, 0.9538, 0.9753]
Average MDE
[0.1045, 0.1012, 0.1014, 0.0959, 0.0461]
