model_0
Loss
[0.1857, 0.1643, 0.1992, 0.1609, 0.1431]
Accuracy
[0.9504, 0.9586, 0.9549, 0.9602, 0.9612]
MDE
[0.0999, 0.0846, 0.0766, 0.0668, 0.0693]
 
model_1
Loss
[0.1915, 0.2434, 0.1883, 0.1975, 0.1482]
Accuracy
[0.9482, 0.9357, 0.9537, 0.9435, 0.9633]
MDE
[0.1012, 0.1337, 0.0771, 0.0820, 0.0643]
 
model_2
Loss
[0.1720, 0.1722, 0.1978, 0.1916, 0.1481]
Accuracy
[0.9551, 0.9539, 0.9473, 0.9512, 0.9622]
MDE
[0.0907, 0.0919, 0.0942, 0.0804, 0.0629]
 
model_3
Loss
[0.2450, 0.1956, 0.1920, 0.1944, 0.1491]
Accuracy
[0.9388, 0.9473, 0.9498, 0.9496, 0.9624]
MDE
[0.1237, 0.1069, 0.0855, 0.0837, 0.0611]
 
model_4
Loss
[0.1742, 0.1852, 0.1682, 0.1812, 0.1502]
Accuracy
[0.9539, 0.9531, 0.9547, 0.9494, 0.9633]
MDE
[0.0924, 0.0939, 0.0819, 0.0831, 0.0692]
 
model_5
Loss
[0.2148, 0.2134, 0.1724, 0.1682, 0.1584]
Accuracy
[0.9414, 0.9449, 0.9578, 0.9563, 0.9576]
MDE
[0.1227, 0.1136, 0.0728, 0.0709, 0.0692]
 
model_6
Loss
[0.2008, 0.2419, 0.2070, 0.1827, 0.1491]
Accuracy
[0.9492, 0.9345, 0.9476, 0.9522, 0.9592]
MDE
[0.1041, 0.1186, 0.0909, 0.0843, 0.0720]
 
model_7
Loss
[0.2112, 0.1917, 0.1883, 0.1959, 0.1518]
Accuracy
[0.9441, 0.9508, 0.9478, 0.9492, 0.9604]
MDE
[0.1177, 0.0948, 0.0921, 0.0796, 0.0694]
 
model_8
Loss
[0.1983, 0.1866, 0.1802, 0.2093, 0.1529]
Accuracy
[0.9494, 0.9484, 0.9512, 0.9398, 0.9608]
MDE
[0.1016, 0.1076, 0.0848, 0.0863, 0.0730]
 
model_9
Loss
[0.1831, 0.1988, 0.2534, 0.2105, 0.1490]
Accuracy
[0.9533, 0.9482, 0.9365, 0.9439, 0.9633]
MDE
[0.1016, 0.1008, 0.1106, 0.0858, 0.0671]
 
Average Loss
[0.1977, 0.1993, 0.1947, 0.1892, 0.1500]
Average Accuracy
[0.9484, 0.9475, 0.9501, 0.9495, 0.9614]
Average MDE
[0.1056, 0.1046, 0.0867, 0.0803, 0.0677]
