model_0
Loss
[2.1862, 1.9105, 1.9650, 1.5519, 2.1317]
Accuracy
[0.5122, 0.5220, 0.5047, 0.6135, 0.4296]
MDE
[0.8689, 0.9737, 0.8811, 0.6229, 1.1450]
 
model_1
Loss
[3.6415, 3.3168, 2.0066, 1.8268, 2.7122]
Accuracy
[0.3398, 0.3202, 0.4841, 0.5137, 0.3796]
MDE
[1.1087, 1.3983, 0.9374, 0.7753, 1.2004]
 
model_2
Loss
[2.6746, 2.3729, 1.1087, 1.3099, 2.1426]
Accuracy
[0.3996, 0.4163, 0.6565, 0.6310, 0.4251]
MDE
[1.0262, 1.1762, 0.5837, 0.6076, 1.1464]
 
model_3
Loss
[1.9803, 2.4008, 1.2975, 1.1293, 1.1084]
Accuracy
[0.5243, 0.3949, 0.6131, 0.6582, 0.6847]
MDE
[0.8103, 1.2238, 0.6772, 0.5204, 0.6551]
 
model_4
Loss
[2.2609, 1.4820, 2.9534, 1.9469, 2.2491]
Accuracy
[0.4596, 0.5612, 0.3659, 0.5608, 0.4239]
MDE
[0.9162, 0.9261, 1.1856, 0.6969, 1.1126]
 
model_5
Loss
[1.4674, 2.1156, 2.1750, 1.4694, 1.9402]
Accuracy
[0.6010, 0.5047, 0.4373, 0.6135, 0.4671]
MDE
[0.7360, 1.0266, 0.9688, 0.6141, 1.0214]
 
model_6
Loss
[1.4113, 1.4937, 0.9932, 1.0007, 0.9147]
Accuracy
[0.6351, 0.5757, 0.6704, 0.7035, 0.7722]
MDE
[0.6386, 0.8971, 0.5577, 0.4986, 0.4577]
 
model_7
Loss
[1.7948, 1.7754, 1.5795, 1.9891, 1.4421]
Accuracy
[0.5529, 0.5471, 0.5447, 0.4965, 0.5673]
MDE
[0.7976, 0.9135, 0.7939, 0.7832, 0.8346]
 
model_8
Loss
[2.6345, 2.6336, 1.5529, 1.6824, 3.0601]
Accuracy
[0.4353, 0.3865, 0.5596, 0.5761, 0.3071]
MDE
[1.0045, 1.2721, 0.7488, 0.6795, 1.2783]
 
model_9
Loss
[2.5755, 1.5618, 2.2305, 1.3779, 1.8974]
Accuracy
[0.4055, 0.5429, 0.3649, 0.6096, 0.4751]
MDE
[1.0655, 0.8967, 1.2222, 0.5998, 1.0061]
 
Average Loss
[2.2627, 2.1063, 1.7862, 1.5284, 1.9599]
Average Accuracy
[0.4865, 0.4772, 0.5201, 0.5976, 0.4932]
Average MDE
[0.8972, 1.0704, 0.8556, 0.6398, 0.9858]
