model_0
Loss
[0.1083, 0.0847, 0.1007, 0.1076, 0.0993]
Accuracy
[0.9729, 0.9788, 0.9722, 0.9700, 0.9704]
MDE
[0.0555, 0.0407, 0.0474, 0.0468, 0.0538]
 
model_1
Loss
[0.1049, 0.1087, 0.1134, 0.1360, 0.0991]
Accuracy
[0.9737, 0.9737, 0.9698, 0.9684, 0.9739]
MDE
[0.0507, 0.0486, 0.0521, 0.0531, 0.0506]
 
model_2
Loss
[0.1162, 0.1007, 0.1084, 0.1081, 0.1061]
Accuracy
[0.9718, 0.9747, 0.9712, 0.9716, 0.9684]
MDE
[0.0529, 0.0504, 0.0510, 0.0519, 0.0566]
 
model_3
Loss
[0.1200, 0.1050, 0.1152, 0.1193, 0.1019]
Accuracy
[0.9733, 0.9757, 0.9686, 0.9712, 0.9739]
MDE
[0.0540, 0.0456, 0.0544, 0.0464, 0.0492]
 
model_4
Loss
[0.1025, 0.0871, 0.1101, 0.1034, 0.1077]
Accuracy
[0.9751, 0.9776, 0.9694, 0.9716, 0.9714]
MDE
[0.0526, 0.0441, 0.0527, 0.0471, 0.0527]
 
model_5
Loss
[0.1078, 0.1012, 0.1065, 0.1104, 0.1091]
Accuracy
[0.9745, 0.9731, 0.9718, 0.9694, 0.9704]
MDE
[0.0531, 0.0499, 0.0484, 0.0518, 0.0546]
 
model_6
Loss
[0.1141, 0.1014, 0.1056, 0.1037, 0.1057]
Accuracy
[0.9729, 0.9739, 0.9720, 0.9712, 0.9729]
MDE
[0.0555, 0.0440, 0.0489, 0.0433, 0.0511]
 
model_7
Loss
[0.1143, 0.1143, 0.1112, 0.1183, 0.1069]
Accuracy
[0.9716, 0.9745, 0.9702, 0.9655, 0.9692]
MDE
[0.0588, 0.0473, 0.0506, 0.0537, 0.0568]
 
model_8
Loss
[0.1154, 0.1104, 0.0988, 0.1190, 0.1100]
Accuracy
[0.9704, 0.9716, 0.9712, 0.9649, 0.9710]
MDE
[0.0590, 0.0522, 0.0483, 0.0568, 0.0547]
 
model_9
Loss
[0.1068, 0.1102, 0.1209, 0.1150, 0.1044]
Accuracy
[0.9735, 0.9751, 0.9663, 0.9671, 0.9706]
MDE
[0.0550, 0.0460, 0.0563, 0.0513, 0.0557]
 
Average Loss
[0.1110, 0.1024, 0.1091, 0.1141, 0.1050]
Average Accuracy
[0.9730, 0.9749, 0.9703, 0.9691, 0.9712]
Average MDE
[0.0547, 0.0469, 0.0510, 0.0502, 0.0536]
