model_0
Loss
[0.3048, 0.2559, 0.2377, 0.2931, 0.1741]
Accuracy
[0.9192, 0.9284, 0.9333, 0.9153, 0.9580]
MDE
[0.2110, 0.1701, 0.1485, 0.1888, 0.0795]
 
model_1
Loss
[0.2952, 0.2470, 0.2444, 0.3200, 0.1904]
Accuracy
[0.9269, 0.9365, 0.9312, 0.9129, 0.9584]
MDE
[0.1953, 0.1586, 0.1504, 0.2012, 0.0778]
 
model_2
Loss
[0.2997, 0.2908, 0.2360, 0.2776, 0.1939]
Accuracy
[0.9237, 0.9178, 0.9333, 0.9247, 0.9553]
MDE
[0.2009, 0.1869, 0.1549, 0.1776, 0.0885]
 
model_3
Loss
[0.3310, 0.2410, 0.2245, 0.2844, 0.1912]
Accuracy
[0.9178, 0.9361, 0.9420, 0.9188, 0.9559]
MDE
[0.2260, 0.1631, 0.1340, 0.1882, 0.0858]
 
model_4
Loss
[0.3106, 0.2628, 0.2303, 0.2988, 0.2075]
Accuracy
[0.9255, 0.9300, 0.9335, 0.9210, 0.9514]
MDE
[0.2080, 0.1632, 0.1431, 0.1919, 0.0910]
 
model_5
Loss
[0.3213, 0.2452, 0.2425, 0.3129, 0.1805]
Accuracy
[0.9196, 0.9347, 0.9308, 0.9131, 0.9545]
MDE
[0.2090, 0.1544, 0.1439, 0.1970, 0.0853]
 
model_6
Loss
[0.3015, 0.2367, 0.2491, 0.3245, 0.1813]
Accuracy
[0.9249, 0.9349, 0.9300, 0.9108, 0.9543]
MDE
[0.1924, 0.1599, 0.1552, 0.1985, 0.0892]
 
model_7
Loss
[0.2993, 0.2471, 0.2368, 0.2886, 0.1941]
Accuracy
[0.9239, 0.9335, 0.9327, 0.9222, 0.9551]
MDE
[0.1999, 0.1656, 0.1510, 0.1823, 0.0872]
 
model_8
Loss
[0.3290, 0.2732, 0.2441, 0.3001, 0.1824]
Accuracy
[0.9182, 0.9271, 0.9316, 0.9202, 0.9586]
MDE
[0.2227, 0.1692, 0.1500, 0.1919, 0.0814]
 
model_9
Loss
[0.2984, 0.2601, 0.2611, 0.3086, 0.1827]
Accuracy
[0.9261, 0.9276, 0.9251, 0.9149, 0.9557]
MDE
[0.2059, 0.1771, 0.1641, 0.1909, 0.0828]
 
model_10
Loss
[0.3086, 0.2592, 0.2460, 0.2992, 0.1800]
Accuracy
[0.9253, 0.9320, 0.9341, 0.9151, 0.9586]
MDE
[0.2004, 0.1603, 0.1406, 0.1916, 0.0790]
 
model_11
Loss
[0.2986, 0.2655, 0.2479, 0.2885, 0.1782]
Accuracy
[0.9210, 0.9292, 0.9288, 0.9167, 0.9549]
MDE
[0.2202, 0.1661, 0.1573, 0.1939, 0.0864]
 
model_12
Loss
[0.2981, 0.2606, 0.2374, 0.2881, 0.1848]
Accuracy
[0.9245, 0.9257, 0.9337, 0.9171, 0.9590]
MDE
[0.1993, 0.1584, 0.1434, 0.1790, 0.0723]
 
model_13
Loss
[0.2830, 0.2489, 0.2405, 0.2790, 0.1793]
Accuracy
[0.9298, 0.9322, 0.9343, 0.9214, 0.9598]
MDE
[0.1812, 0.1621, 0.1514, 0.1987, 0.0754]
 
model_14
Loss
[0.3584, 0.2552, 0.2559, 0.2921, 0.1930]
Accuracy
[0.9086, 0.9308, 0.9292, 0.9139, 0.9529]
MDE
[0.2368, 0.1731, 0.1548, 0.1864, 0.0923]
 
model_15
Loss
[0.3146, 0.2614, 0.2399, 0.2882, 0.1828]
Accuracy
[0.9184, 0.9280, 0.9312, 0.9210, 0.9571]
MDE
[0.2199, 0.1720, 0.1466, 0.1925, 0.0803]
 
model_16
Loss
[0.3249, 0.2487, 0.2693, 0.2789, 0.1664]
Accuracy
[0.9200, 0.9369, 0.9255, 0.9231, 0.9580]
MDE
[0.2153, 0.1523, 0.1603, 0.1849, 0.0818]
 
model_17
Loss
[0.3056, 0.2521, 0.2478, 0.3088, 0.1790]
Accuracy
[0.9259, 0.9331, 0.9304, 0.9155, 0.9606]
MDE
[0.1977, 0.1710, 0.1542, 0.1948, 0.0802]
 
model_18
Loss
[0.2994, 0.2358, 0.2470, 0.2945, 0.1907]
Accuracy
[0.9271, 0.9373, 0.9276, 0.9231, 0.9567]
MDE
[0.2022, 0.1454, 0.1611, 0.1821, 0.0841]
 
model_19
Loss
[0.3112, 0.2492, 0.2630, 0.2861, 0.1877]
Accuracy
[0.9259, 0.9361, 0.9237, 0.9208, 0.9565]
MDE
[0.2015, 0.1570, 0.1647, 0.1821, 0.0805]
 
Average Loss
[0.3097, 0.2548, 0.2451, 0.2956, 0.1850]
Average Accuracy
[0.9226, 0.9314, 0.9311, 0.9181, 0.9566]
Average MDE
[0.2073, 0.1643, 0.1515, 0.1897, 0.0830]
