model_0
Loss
[1.7824, 2.1474, 1.0302, 1.4192, 0.9687]
Accuracy
[0.5624, 0.4341, 0.7353, 0.6131, 0.7251]
MDE
[0.9792, 1.3409, 0.5136, 0.7378, 0.4993]
 
model_1
Loss
[1.9356, 1.2156, 1.0159, 1.4549, 0.8507]
Accuracy
[0.5408, 0.6500, 0.7008, 0.5986, 0.7539]
MDE
[1.0142, 0.6778, 0.5467, 0.7690, 0.4103]
 
model_2
Loss
[1.4110, 1.6186, 1.0712, 1.3090, 1.7340]
Accuracy
[0.6851, 0.5388, 0.7098, 0.6480, 0.5063]
MDE
[0.7230, 1.0228, 0.5618, 0.6453, 0.9041]
 
model_3
Loss
[2.5443, 1.8288, 1.9259, 1.8833, 1.3388]
Accuracy
[0.4606, 0.5222, 0.4992, 0.5235, 0.5943]
MDE
[1.2155, 1.0438, 0.9546, 0.9342, 0.7281]
 
model_4
Loss
[3.6580, 2.2524, 2.8565, 1.2768, 1.0752]
Accuracy
[0.3514, 0.4647, 0.3557, 0.6682, 0.6863]
MDE
[1.4586, 1.1157, 1.2373, 0.6468, 0.6251]
 
model_5
Loss
[4.4971, 2.8703, 1.1133, 1.4483, 1.2793]
Accuracy
[0.2980, 0.3465, 0.7051, 0.6000, 0.6210]
MDE
[1.4832, 1.4355, 0.5562, 0.7507, 0.7391]
 
model_6
Loss
[2.3209, 1.1257, 1.1026, 1.1465, 0.8780]
Accuracy
[0.4988, 0.6863, 0.6953, 0.6873, 0.7337]
MDE
[1.1336, 0.6448, 0.5744, 0.5634, 0.4617]
 
model_7
Loss
[2.4462, 1.2423, 0.9863, 1.2251, 2.7735]
Accuracy
[0.4737, 0.6720, 0.7533, 0.6453, 0.2922]
MDE
[1.2024, 0.7508, 0.4805, 0.6926, 1.3415]
 
model_8
Loss
[1.6992, 2.2751, 1.2503, 1.3576, 1.3291]
Accuracy
[0.6006, 0.4429, 0.6667, 0.6261, 0.5965]
MDE
[0.9335, 1.2705, 0.6864, 0.6641, 0.7262]
 
model_9
Loss
[1.9850, 2.2679, 1.6448, 1.4303, 1.3528]
Accuracy
[0.5359, 0.4247, 0.5529, 0.5837, 0.6061]
MDE
[1.0301, 1.3088, 0.9133, 0.8057, 0.7356]
 
model_10
Loss
[1.4715, 2.9003, 1.4483, 1.0562, 0.5945]
Accuracy
[0.6361, 0.3684, 0.5939, 0.6931, 0.8316]
MDE
[0.8793, 1.4011, 0.7691, 0.5907, 0.2929]
 
model_11
Loss
[2.5532, 1.5330, 1.7801, 1.1031, 1.6146]
Accuracy
[0.4892, 0.5816, 0.5759, 0.7012, 0.5206]
MDE
[1.1357, 0.8872, 0.8421, 0.6002, 0.9090]
 
model_12
Loss
[1.5369, 1.3445, 1.2685, 1.8846, 1.6752]
Accuracy
[0.6378, 0.6253, 0.6543, 0.5198, 0.5278]
MDE
[0.8641, 0.7633, 0.6953, 0.9627, 0.8707]
 
model_13
Loss
[1.5617, 2.6144, 1.0202, 1.3860, 0.8144]
Accuracy
[0.6057, 0.3757, 0.7333, 0.6092, 0.7514]
MDE
[0.9321, 1.3180, 0.5746, 0.7169, 0.4375]
 
model_14
Loss
[1.5857, 1.7843, 1.6085, 1.1861, 0.7176]
Accuracy
[0.6359, 0.4855, 0.5712, 0.6906, 0.7982]
MDE
[0.8673, 1.1127, 0.8354, 0.5893, 0.3964]
 
model_15
Loss
[3.0723, 5.1306, 2.1274, 2.0987, 3.4672]
Accuracy
[0.4065, 0.1953, 0.4980, 0.5141, 0.2602]
MDE
[1.2967, 1.7606, 0.9458, 0.9149, 1.4380]
 
model_16
Loss
[1.6074, 2.1274, 1.2790, 1.5047, 0.8987]
Accuracy
[0.6312, 0.4573, 0.6404, 0.6037, 0.7365]
MDE
[0.8670, 1.2213, 0.7514, 0.7627, 0.4335]
 
model_17
Loss
[1.5032, 1.7345, 2.0310, 1.5629, 0.7326]
Accuracy
[0.6333, 0.5135, 0.4824, 0.5816, 0.7939]
MDE
[0.8666, 1.0717, 1.0609, 0.8064, 0.3641]
 
model_18
Loss
[2.4439, 1.7124, 1.0544, 1.9421, 0.8752]
Accuracy
[0.4982, 0.5408, 0.7124, 0.5167, 0.7441]
MDE
[1.1376, 1.0313, 0.5726, 0.9446, 0.4586]
 
model_19
Loss
[2.7478, 1.3905, 1.7741, 1.5293, 1.1161]
Accuracy
[0.4647, 0.6055, 0.5702, 0.5827, 0.6714]
MDE
[1.2088, 0.8752, 0.8190, 0.8460, 0.5780]
 
Average Loss
[2.2182, 2.0558, 1.4694, 1.4602, 1.3043]
Average Accuracy
[0.5323, 0.4966, 0.6203, 0.6103, 0.6376]
Average MDE
[1.0614, 1.1027, 0.7446, 0.7472, 0.6675]
