model_0
Loss
[0.1674, 0.1380, 0.1519, 0.1760, 0.0994]
Accuracy
[0.9590, 0.9594, 0.9584, 0.9537, 0.9745]
MDE
[0.1190, 0.1088, 0.1065, 0.1201, 0.0545]
 
model_1
Loss
[0.1587, 0.1337, 0.1669, 0.1744, 0.1178]
Accuracy
[0.9616, 0.9614, 0.9541, 0.9529, 0.9708]
MDE
[0.1054, 0.0999, 0.1142, 0.1277, 0.0607]
 
model_2
Loss
[0.1670, 0.1311, 0.1620, 0.1637, 0.1049]
Accuracy
[0.9584, 0.9606, 0.9580, 0.9547, 0.9745]
MDE
[0.1164, 0.1025, 0.1090, 0.1151, 0.0583]
 
model_3
Loss
[0.1722, 0.1407, 0.1566, 0.1798, 0.1101]
Accuracy
[0.9549, 0.9612, 0.9557, 0.9561, 0.9724]
MDE
[0.1290, 0.1096, 0.1124, 0.1190, 0.0574]
 
model_4
Loss
[0.1602, 0.1318, 0.1546, 0.1737, 0.1090]
Accuracy
[0.9602, 0.9618, 0.9567, 0.9510, 0.9718]
MDE
[0.1165, 0.0956, 0.1081, 0.1292, 0.0601]
 
model_5
Loss
[0.1561, 0.1290, 0.1559, 0.1622, 0.0989]
Accuracy
[0.9598, 0.9614, 0.9573, 0.9590, 0.9735]
MDE
[0.1064, 0.1094, 0.1036, 0.1121, 0.0576]
 
model_6
Loss
[0.1571, 0.1316, 0.1523, 0.1722, 0.0996]
Accuracy
[0.9627, 0.9596, 0.9580, 0.9563, 0.9729]
MDE
[0.1131, 0.1021, 0.1107, 0.1145, 0.0569]
 
model_7
Loss
[0.1602, 0.1402, 0.1597, 0.1630, 0.1067]
Accuracy
[0.9588, 0.9571, 0.9553, 0.9600, 0.9743]
MDE
[0.1135, 0.1089, 0.1101, 0.1084, 0.0581]
 
model_8
Loss
[0.1541, 0.1375, 0.1617, 0.1871, 0.1012]
Accuracy
[0.9600, 0.9606, 0.9549, 0.9514, 0.9743]
MDE
[0.1126, 0.1021, 0.1189, 0.1253, 0.0573]
 
model_9
Loss
[0.1637, 0.1407, 0.1790, 0.1834, 0.1104]
Accuracy
[0.9602, 0.9561, 0.9506, 0.9520, 0.9722]
MDE
[0.1121, 0.1079, 0.1241, 0.1258, 0.0594]
 
model_10
Loss
[0.1648, 0.1687, 0.1698, 0.1737, 0.1108]
Accuracy
[0.9565, 0.9514, 0.9573, 0.9563, 0.9733]
MDE
[0.1221, 0.1217, 0.1094, 0.1117, 0.0565]
 
model_11
Loss
[0.1684, 0.1392, 0.1605, 0.1646, 0.1015]
Accuracy
[0.9522, 0.9576, 0.9551, 0.9553, 0.9753]
MDE
[0.1297, 0.1080, 0.1106, 0.1189, 0.0539]
 
model_12
Loss
[0.1701, 0.1436, 0.1726, 0.1700, 0.1021]
Accuracy
[0.9547, 0.9580, 0.9510, 0.9571, 0.9743]
MDE
[0.1234, 0.1074, 0.1155, 0.1136, 0.0542]
 
model_13
Loss
[0.1633, 0.1273, 0.1567, 0.1593, 0.1074]
Accuracy
[0.9598, 0.9627, 0.9567, 0.9569, 0.9757]
MDE
[0.1127, 0.1023, 0.1074, 0.1208, 0.0531]
 
model_14
Loss
[0.1578, 0.1382, 0.1532, 0.1790, 0.1020]
Accuracy
[0.9614, 0.9588, 0.9553, 0.9518, 0.9761]
MDE
[0.1153, 0.1096, 0.1087, 0.1169, 0.0548]
 
model_15
Loss
[0.1606, 0.1253, 0.1441, 0.1782, 0.1019]
Accuracy
[0.9584, 0.9651, 0.9606, 0.9522, 0.9739]
MDE
[0.1154, 0.0978, 0.1029, 0.1224, 0.0576]
 
model_16
Loss
[0.1684, 0.1304, 0.1445, 0.1818, 0.1016]
Accuracy
[0.9580, 0.9600, 0.9580, 0.9524, 0.9767]
MDE
[0.1128, 0.1068, 0.1076, 0.1215, 0.0507]
 
model_17
Loss
[0.1802, 0.1502, 0.1531, 0.1693, 0.1030]
Accuracy
[0.9559, 0.9563, 0.9592, 0.9555, 0.9769]
MDE
[0.1276, 0.1123, 0.1069, 0.1134, 0.0560]
 
model_18
Loss
[0.1589, 0.1300, 0.1646, 0.1658, 0.0974]
Accuracy
[0.9608, 0.9600, 0.9549, 0.9571, 0.9776]
MDE
[0.1132, 0.1056, 0.1121, 0.1144, 0.0538]
 
model_19
Loss
[0.1674, 0.1260, 0.1640, 0.1701, 0.1037]
Accuracy
[0.9573, 0.9633, 0.9559, 0.9551, 0.9753]
MDE
[0.1179, 0.0959, 0.1118, 0.1168, 0.0546]
 
Average Loss
[0.1638, 0.1367, 0.1592, 0.1724, 0.1045]
Average Accuracy
[0.9585, 0.9596, 0.9562, 0.9549, 0.9743]
Average MDE
[0.1167, 0.1057, 0.1105, 0.1184, 0.0563]
