model_0
Loss
[1.4916, 2.8584, 0.9399, 1.3699, 2.3219]
Accuracy
[0.6549, 0.4076, 0.7337, 0.6371, 0.4267]
MDE
[0.4591, 0.9717, 0.3441, 0.5369, 0.8196]
 
model_1
Loss
[2.7124, 1.3872, 0.9593, 0.9512, 1.4537]
Accuracy
[0.4678, 0.6227, 0.7312, 0.7196, 0.6147]
MDE
[0.7192, 0.6148, 0.3735, 0.3938, 0.5930]
 
model_2
Loss
[1.1866, 1.8285, 3.0860, 1.6031, 2.1306]
Accuracy
[0.6759, 0.5033, 0.4231, 0.6169, 0.4543]
MDE
[0.4418, 0.7761, 0.8257, 0.5091, 0.8436]
 
model_3
Loss
[2.1761, 1.2858, 1.9263, 1.6192, 0.9466]
Accuracy
[0.5463, 0.6792, 0.5249, 0.5480, 0.6924]
MDE
[0.5875, 0.4949, 0.6638, 0.5637, 0.4051]
 
model_4
Loss
[2.1404, 3.0612, 2.5443, 1.0747, 1.9424]
Accuracy
[0.5316, 0.3669, 0.4631, 0.6941, 0.5082]
MDE
[0.6056, 1.0455, 0.7865, 0.4120, 0.6828]
 
model_5
Loss
[1.3244, 2.0375, 1.4518, 1.2486, 2.3569]
Accuracy
[0.6682, 0.5224, 0.6582, 0.6682, 0.4310]
MDE
[0.4332, 0.8453, 0.4444, 0.4268, 0.8579]
 
model_6
Loss
[1.6642, 2.2776, 1.3784, 1.0063, 1.7936]
Accuracy
[0.6202, 0.4331, 0.6041, 0.6914, 0.5520]
MDE
[0.4980, 0.8742, 0.6121, 0.4185, 0.6859]
 
model_7
Loss
[2.5686, 1.4150, 1.1063, 1.4457, 2.5179]
Accuracy
[0.4761, 0.6171, 0.7002, 0.6537, 0.3851]
MDE
[0.6801, 0.5680, 0.4447, 0.4704, 0.9307]
 
model_8
Loss
[2.8274, 2.4422, 2.1689, 1.7471, 1.2114]
Accuracy
[0.4812, 0.4359, 0.4976, 0.5890, 0.6376]
MDE
[0.6574, 0.9748, 0.6792, 0.5700, 0.5584]
 
model_9
Loss
[1.6395, 1.8024, 1.5547, 1.6039, 1.5590]
Accuracy
[0.6537, 0.5586, 0.5931, 0.6122, 0.5506]
MDE
[0.4393, 0.6980, 0.5456, 0.5306, 0.7027]
 
Average Loss
[1.9731, 2.0396, 1.7116, 1.3670, 1.8234]
Average Accuracy
[0.5776, 0.5147, 0.5929, 0.6430, 0.5253]
Average MDE
[0.5521, 0.7863, 0.5720, 0.4832, 0.7080]
