model_0
Loss
[0.0592, 0.0679, 0.0506, 0.0611, 0.0506]
Accuracy
[0.9861, 0.9822, 0.9873, 0.9851, 0.9902]
MDE
[0.0189, 0.0264, 0.0185, 0.0193, 0.0176]
 
model_1
Loss
[0.0563, 0.0593, 0.0573, 0.0658, 0.0502]
Accuracy
[0.9867, 0.9853, 0.9857, 0.9847, 0.9904]
MDE
[0.0204, 0.0234, 0.0216, 0.0210, 0.0169]
 
model_2
Loss
[0.0543, 0.0575, 0.0573, 0.0699, 0.0475]
Accuracy
[0.9861, 0.9876, 0.9865, 0.9829, 0.9912]
MDE
[0.0219, 0.0196, 0.0195, 0.0222, 0.0147]
 
model_3
Loss
[0.0609, 0.0545, 0.0583, 0.0657, 0.0526]
Accuracy
[0.9859, 0.9873, 0.9882, 0.9835, 0.9890]
MDE
[0.0210, 0.0171, 0.0187, 0.0199, 0.0178]
 
model_4
Loss
[0.0564, 0.0729, 0.0703, 0.0648, 0.0510]
Accuracy
[0.9859, 0.9824, 0.9849, 0.9824, 0.9890]
MDE
[0.0198, 0.0275, 0.0218, 0.0209, 0.0199]
 
model_5
Loss
[0.0545, 0.0623, 0.0673, 0.0655, 0.0518]
Accuracy
[0.9867, 0.9847, 0.9839, 0.9829, 0.9896]
MDE
[0.0191, 0.0229, 0.0227, 0.0220, 0.0186]
 
model_6
Loss
[0.0519, 0.0572, 0.0577, 0.0699, 0.0540]
Accuracy
[0.9865, 0.9845, 0.9865, 0.9822, 0.9892]
MDE
[0.0191, 0.0245, 0.0200, 0.0244, 0.0196]
 
model_7
Loss
[0.0631, 0.0727, 0.0625, 0.0721, 0.0593]
Accuracy
[0.9853, 0.9829, 0.9880, 0.9831, 0.9886]
MDE
[0.0247, 0.0325, 0.0189, 0.0222, 0.0202]
 
model_8
Loss
[0.0563, 0.0564, 0.0538, 0.0724, 0.0530]
Accuracy
[0.9873, 0.9863, 0.9880, 0.9837, 0.9898]
MDE
[0.0193, 0.0214, 0.0184, 0.0221, 0.0190]
 
model_9
Loss
[0.0688, 0.0887, 0.0621, 0.0626, 0.0504]
Accuracy
[0.9855, 0.9796, 0.9853, 0.9833, 0.9886]
MDE
[0.0216, 0.0328, 0.0207, 0.0214, 0.0214]
 
Average Loss
[0.0582, 0.0649, 0.0597, 0.0670, 0.0521]
Average Accuracy
[0.9862, 0.9843, 0.9864, 0.9834, 0.9896]
Average MDE
[0.0206, 0.0248, 0.0201, 0.0215, 0.0186]
