model_0
Loss
[0.1212, 0.1508, 0.1521, 0.1077, 0.0986]
Accuracy
[0.9731, 0.9627, 0.9608, 0.9692, 0.9800]
MDE
[0.0381, 0.0602, 0.0575, 0.0384, 0.0323]
 
model_1
Loss
[0.1094, 0.1628, 0.1267, 0.1377, 0.0896]
Accuracy
[0.9761, 0.9561, 0.9682, 0.9641, 0.9829]
MDE
[0.0350, 0.0810, 0.0417, 0.0430, 0.0271]
 
model_2
Loss
[0.0971, 0.1579, 0.1512, 0.1164, 0.0947]
Accuracy
[0.9800, 0.9622, 0.9631, 0.9661, 0.9796]
MDE
[0.0285, 0.0630, 0.0484, 0.0454, 0.0360]
 
model_3
Loss
[0.1282, 0.1343, 0.1276, 0.1288, 0.0906]
Accuracy
[0.9712, 0.9680, 0.9684, 0.9669, 0.9814]
MDE
[0.0427, 0.0496, 0.0418, 0.0393, 0.0310]
 
model_4
Loss
[0.1191, 0.1343, 0.1325, 0.1114, 0.0870]
Accuracy
[0.9747, 0.9645, 0.9698, 0.9700, 0.9800]
MDE
[0.0397, 0.0571, 0.0421, 0.0373, 0.0319]
 
model_5
Loss
[0.1664, 0.1378, 0.1187, 0.1192, 0.0814]
Accuracy
[0.9622, 0.9659, 0.9718, 0.9678, 0.9810]
MDE
[0.0483, 0.0529, 0.0378, 0.0388, 0.0319]
 
model_6
Loss
[0.1061, 0.1210, 0.1269, 0.1114, 0.0807]
Accuracy
[0.9786, 0.9694, 0.9690, 0.9708, 0.9808]
MDE
[0.0318, 0.0489, 0.0448, 0.0369, 0.0333]
 
model_7
Loss
[0.1323, 0.1331, 0.1402, 0.1149, 0.1121]
Accuracy
[0.9724, 0.9651, 0.9633, 0.9716, 0.9747]
MDE
[0.0409, 0.0502, 0.0454, 0.0314, 0.0368]
 
model_8
Loss
[0.1318, 0.1272, 0.0996, 0.1229, 0.0872]
Accuracy
[0.9690, 0.9667, 0.9739, 0.9676, 0.9804]
MDE
[0.0450, 0.0480, 0.0410, 0.0395, 0.0322]
 
model_9
Loss
[0.1319, 0.1409, 0.1156, 0.1060, 0.0871]
Accuracy
[0.9698, 0.9661, 0.9729, 0.9718, 0.9827]
MDE
[0.0385, 0.0583, 0.0361, 0.0356, 0.0307]
 
Average Loss
[0.1243, 0.1400, 0.1291, 0.1176, 0.0909]
Average Accuracy
[0.9727, 0.9647, 0.9681, 0.9686, 0.9803]
Average MDE
[0.0388, 0.0569, 0.0437, 0.0386, 0.0323]
